 1.012303818318e+00 
 1.276344152348e-01 
 2.610320171204e-02 
 4.265876417180e-03 
 2.127917521401e-03 
 1.461301858717e-03 
 1.422173329015e-03 
 1.363334718523e-03 
 1.356789167750e-03 
 1.152040047910e-03 
 7.826119442126e-04 
 2.643318689829e-04 
 7.398806909034e-05 
 2.432125336855e-05 
 8.377954168698e-06 
 2.387951906136e-06 
 7.354663006990e-07 
 2.483242311515e-07 
 8.579161814897e-08 
 2.958262754586e-08 
 1.061487488654e-08 
 3.497279999697e-09 
 9.926963685351e-10 
 2.175241011310e-10 
 5.349837514552e-11 
 1.442214190403e-11 
 3.421096222466e-12 
 7.782884776918e-13 
 1.783225794751e-13 
 4.297919081422e-14 
 4.396795016123e-02 
 5.913435437507e-03 
 1.985913095347e-03 
 1.189356608088e-03 
 1.101190042442e-03 
 1.084616856926e-03 
 1.008552941835e-03 
 8.068233874118e-04 
 4.397543447070e-04 
 1.667189872191e-04 
 3.943838477911e-05 
 1.055238779052e-05 
 2.919745201615e-06 
 6.987018958827e-07 
 1.739946674087e-07 
 5.162139969355e-08 
 1.308273374037e-08 
 4.071506675371e-09 
 1.074402575939e-09 
 3.557504914761e-10 
 9.519626450876e-11 
 2.868870521519e-11 
 7.468777935729e-12 
 1.992261613615e-12 
 5.425118901867e-13 
 1.502549786962e-13 
 3.877155598145e-14 
 9.881349795580e-15 
 2.493335687329e-15 
 6.331997495548e-16 
 1.261261772731e-02 
 2.382794500111e-03 
 8.265199177939e-04 
 3.960971383973e-04 
 3.431197968844e-04 
 3.282463264220e-04 
 3.238085073979e-04 
 2.857793234286e-04 
 1.521263237248e-04 
 5.760480277344e-05 
 1.464827495258e-05 
 4.162754555253e-06 
 1.280687341747e-06 
 3.496735614085e-07 
 1.095242368441e-07 
 3.863117074417e-08 
 9.878856271464e-09 
 3.066781804240e-09 
 1.029095815459e-09 
 3.551596632442e-10 
 1.138806944278e-10 
 2.576027747157e-11 
 6.415545474245e-12 
 1.742111789060e-12 
 4.897081147784e-13 
 1.526904781925e-13 
 4.918441879777e-14 
 1.502627114617e-14 
 4.488066330825e-15 
 1.297342340426e-15 
 3.128061572178e-03 
 1.238438825293e-03 
 5.227870239420e-04 
 1.667188797585e-04 
 1.378551964256e-04 
 1.323193009152e-04 
 1.300526146469e-04 
 1.060282579845e-04 
 4.878758272839e-05 
 1.722007851613e-05 
 5.972948316501e-06 
