 1 42 43 2
 2 43 44 3
 3 44 45 4
 4 45 46 5
 5 46 47 6
 6 47 48 7
 7 48 49 8
 8 49 50 9
 9 50 51 10
 10 51 52 11
 11 52 53 12
 12 53 54 13
 13 54 55 14
 14 55 56 15
 15 56 57 16
 16 57 58 17
 17 58 59 18
 18 59 60 19
 19 60 61 20
 20 61 62 21
 21 62 63 22
 22 63 64 23
 23 64 65 24
 24 65 66 25
 25 66 67 26
 26 67 68 27
 27 68 69 28
 28 69 70 29
 29 70 71 30
 30 71 72 31
 31 72 73 32
 32 73 74 33
 33 74 75 34
 34 75 76 35
 35 76 77 36
 36 77 78 37
 37 78 79 38
 38 79 80 39
 39 80 81 40
 40 81 82 41
 42 83 84 43
 43 84 85 44
 44 85 86 45
 45 86 87 46
 46 87 88 47
 47 88 89 48
 48 89 90 49
 49 90 91 50
 50 91 92 51
 51 92 93 52
 52 93 94 53
 53 94 95 54
 54 95 96 55
 55 96 97 56
 56 97 98 57
 57 98 99 58
 58 99 100 59
 59 100 101 60
 60 101 102 61
 61 102 103 62
 62 103 104 63
 63 104 105 64
 64 105 106 65
 65 106 107 66
 66 107 108 67
 67 108 109 68
 68 109 110 69
 69 110 111 70
 70 111 112 71
 71 112 113 72
 72 113 114 73
 73 114 115 74
 74 115 116 75
 75 116 117 76
 76 117 118 77
 77 118 119 78
 78 119 120 79
 79 120 121 80
 80 121 122 81
 81 122 123 82
 83 124 125 84
 84 125 126 85
 85 126 127 86
 86 127 128 87
 87 128 129 88
 88 129 130 89
 89 130 131 90
 90 131 132 91
 91 132 133 92
 92 133 134 93
 93 134 135 94
 94 135 136 95
 95 136 137 96
 96 137 138 97
 97 138 139 98
 98 139 140 99
 99 140 141 100
 100 141 142 101
 101 142 143 102
 102 143 144 103
 103 144 145 104
 104 145 146 105
 105 146 147 106
 106 147 148 107
 107 148 149 108
 108 149 150 109
 109 150 151 110
 110 151 152 111
 111 152 153 112
 112 153 154 113
 113 154 155 114
 114 155 156 115
 115 156 157 116
 116 157 158 117
 117 158 159 118
 118 159 160 119
 119 160 161 120
 120 161 162 121
 121 162 163 122
 122 163 164 123
 124 165 166 125
 125 166 167 126
 126 167 168 127
 127 168 169 128
 128 169 170 129
 129 170 171 130
 130 171 172 131
 131 172 173 132
 132 173 174 133
 133 174 175 134
 134 175 176 135
 135 176 177 136
 136 177 178 137
 137 178 179 138
 138 179 180 139
 139 180 181 140
 140 181 182 141
 141 182 183 142
 142 183 184 143
 143 184 185 144
 144 185 186 145
 145 186 187 146
 146 187 188 147
 147 188 189 148
 148 189 190 149
 149 190 191 150
 150 191 192 151
 151 192 193 152
 152 193 194 153
 153 194 195 154
 154 195 196 155
 155 196 197 156
 156 197 198 157
 157 198 199 158
 158 199 200 159
 159 200 201 160
 160 201 202 161
 161 202 203 162
 162 203 204 163
 163 204 205 164
 165 206 207 166
 166 207 208 167
 167 208 209 168
 168 209 210 169
 169 210 211 170
 170 211 212 171
 171 212 213 172
 172 213 214 173
 173 214 215 174
 174 215 216 175
 175 216 217 176
 176 217 218 177
 177 218 219 178
 178 219 220 179
 179 220 221 180
 180 221 222 181
 181 222 223 182
 182 223 224 183
 183 224 225 184
 184 225 226 185
 185 226 227 186
 186 227 228 187
 187 228 229 188
 188 229 230 189
 189 230 231 190
 190 231 232 191
 191 232 233 192
 192 233 234 193
 193 234 235 194
 194 235 236 195
 195 236 237 196
 196 237 238 197
 197 238 239 198
 198 239 240 199
 199 240 241 200
 200 241 242 201
 201 242 243 202
 202 243 244 203
 203 244 245 204
 204 245 246 205
 206 247 248 207
 207 248 249 208
 208 249 250 209
 209 250 251 210
 210 251 252 211
 211 252 253 212
 212 253 254 213
 213 254 255 214
 214 255 256 215
 215 256 257 216
 216 257 258 217
 217 258 259 218
 218 259 260 219
 219 260 261 220
 220 261 262 221
 221 262 263 222
 222 263 264 223
 223 264 265 224
 224 265 266 225
 225 266 267 226
 226 267 268 227
 227 268 269 228
 228 269 270 229
 229 270 271 230
 230 271 272 231
 231 272 273 232
 232 273 274 233
 233 274 275 234
 234 275 276 235
 235 276 277 236
 236 277 278 237
 237 278 279 238
 238 279 280 239
 239 280 281 240
 240 281 282 241
 241 282 283 242
 242 283 284 243
 243 284 285 244
 244 285 286 245
 245 286 287 246
 247 288 289 248
 248 289 290 249
 249 290 291 250
 250 291 292 251
 251 292 293 252
 252 293 294 253
 253 294 295 254
 254 295 296 255
 255 296 297 256
 256 297 298 257
 257 298 299 258
 258 299 300 259
 259 300 301 260
 260 301 302 261
 261 302 303 262
 262 303 304 263
 263 304 305 264
 264 305 306 265
 265 306 307 266
 266 307 308 267
 267 308 309 268
 268 309 310 269
 269 310 311 270
 270 311 312 271
 271 312 313 272
 272 313 314 273
 273 314 315 274
 274 315 316 275
 275 316 317 276
 276 317 318 277
 277 318 319 278
 278 319 320 279
 279 320 321 280
 280 321 322 281
 281 322 323 282
 282 323 324 283
 283 324 325 284
 284 325 326 285
 285 326 327 286
 286 327 328 287
 288 329 330 289
 289 330 331 290
 290 331 332 291
 291 332 333 292
 292 333 334 293
 293 334 335 294
 294 335 336 295
 295 336 337 296
 296 337 338 297
 297 338 339 298
 298 339 340 299
 299 340 341 300
 300 341 342 301
 301 342 343 302
 302 343 344 303
 303 344 345 304
 304 345 346 305
 305 346 347 306
 306 347 348 307
 307 348 349 308
 308 349 350 309
 309 350 351 310
 310 351 352 311
 311 352 353 312
 312 353 354 313
 313 354 355 314
 314 355 356 315
 315 356 357 316
 316 357 358 317
 317 358 359 318
 318 359 360 319
 319 360 361 320
 320 361 362 321
 321 362 363 322
 322 363 364 323
 323 364 365 324
 324 365 366 325
 325 366 367 326
 326 367 368 327
 327 368 369 328
 329 370 371 330
 330 371 372 331
 331 372 373 332
 332 373 374 333
 333 374 375 334
 334 375 376 335
 335 376 377 336
 336 377 378 337
 337 378 379 338
 338 379 380 339
 339 380 381 340
 340 381 382 341
 341 382 383 342
 342 383 384 343
 343 384 385 344
 344 385 386 345
 345 386 387 346
 346 387 388 347
 347 388 389 348
 348 389 390 349
 349 390 391 350
 350 391 392 351
 351 392 393 352
 352 393 394 353
 353 394 395 354
 354 395 396 355
 355 396 397 356
 356 397 398 357
 357 398 399 358
 358 399 400 359
 359 400 401 360
 360 401 402 361
 361 402 403 362
 362 403 404 363
 363 404 405 364
 364 405 406 365
 365 406 407 366
 366 407 408 367
 367 408 409 368
 368 409 410 369
 370 411 412 371
 371 412 413 372
 372 413 414 373
 373 414 415 374
 374 415 416 375
 375 416 417 376
 376 417 418 377
 377 418 419 378
 378 419 420 379
 379 420 421 380
 380 421 422 381
 381 422 423 382
 382 423 424 383
 383 424 425 384
 384 425 426 385
 385 426 427 386
 386 427 428 387
 387 428 429 388
 388 429 430 389
 389 430 431 390
 390 431 432 391
 391 432 433 392
 392 433 434 393
 393 434 435 394
 394 435 436 395
 395 436 437 396
 396 437 438 397
 397 438 439 398
 398 439 440 399
 399 440 441 400
 400 441 442 401
 401 442 443 402
 402 443 444 403
 403 444 445 404
 404 445 446 405
 405 446 447 406
 406 447 448 407
 407 448 449 408
 408 449 450 409
 409 450 451 410
 411 452 453 412
 412 453 454 413
 413 454 455 414
 414 455 456 415
 415 456 457 416
 416 457 458 417
 417 458 459 418
 418 459 460 419
 419 460 461 420
 420 461 462 421
 421 462 463 422
 422 463 464 423
 423 464 465 424
 424 465 466 425
 425 466 467 426
 426 467 468 427
 427 468 469 428
 428 469 470 429
 429 470 471 430
 430 471 472 431
 431 472 473 432
 432 473 474 433
 433 474 475 434
 434 475 476 435
 435 476 477 436
 436 477 478 437
 437 478 479 438
 438 479 480 439
 439 480 481 440
 440 481 482 441
 441 482 483 442
 442 483 484 443
 443 484 485 444
 444 485 486 445
 445 486 487 446
 446 487 488 447
 447 488 489 448
 448 489 490 449
 449 490 491 450
 450 491 492 451
 452 493 494 453
 453 494 495 454
 454 495 496 455
 455 496 497 456
 456 497 498 457
 457 498 499 458
 458 499 500 459
 459 500 501 460
 460 501 502 461
 461 502 503 462
 462 503 504 463
 463 504 505 464
 464 505 506 465
 465 506 507 466
 466 507 508 467
 467 508 509 468
 468 509 510 469
 469 510 511 470
 470 511 512 471
 471 512 513 472
 472 513 514 473
 473 514 515 474
 474 515 516 475
 475 516 517 476
 476 517 518 477
 477 518 519 478
 478 519 520 479
 479 520 521 480
 480 521 522 481
 481 522 523 482
 482 523 524 483
 483 524 525 484
 484 525 526 485
 485 526 527 486
 486 527 528 487
 487 528 529 488
 488 529 530 489
 489 530 531 490
 490 531 532 491
 491 532 533 492
 493 534 535 494
 494 535 536 495
 495 536 537 496
 496 537 538 497
 497 538 539 498
 498 539 540 499
 499 540 541 500
 500 541 542 501
 501 542 543 502
 502 543 544 503
 503 544 545 504
 504 545 546 505
 505 546 547 506
 506 547 548 507
 507 548 549 508
 508 549 550 509
 509 550 551 510
 510 551 552 511
 511 552 553 512
 512 553 554 513
 513 554 555 514
 514 555 556 515
 515 556 557 516
 516 557 558 517
 517 558 559 518
 518 559 560 519
 519 560 561 520
 520 561 562 521
 521 562 563 522
 522 563 564 523
 523 564 565 524
 524 565 566 525
 525 566 567 526
 526 567 568 527
 527 568 569 528
 528 569 570 529
 529 570 571 530
 530 571 572 531
 531 572 573 532
 532 573 574 533
 534 575 576 535
 535 576 577 536
 536 577 578 537
 537 578 579 538
 538 579 580 539
 539 580 581 540
 540 581 582 541
 541 582 583 542
 542 583 584 543
 543 584 585 544
 544 585 586 545
 545 586 587 546
 546 587 588 547
 547 588 589 548
 548 589 590 549
 549 590 591 550
 550 591 592 551
 551 592 593 552
 552 593 594 553
 553 594 595 554
 554 595 596 555
 555 596 597 556
 556 597 598 557
 557 598 599 558
 558 599 600 559
 559 600 601 560
 560 601 602 561
 561 602 603 562
 562 603 604 563
 563 604 605 564
 564 605 606 565
 565 606 607 566
 566 607 608 567
 567 608 609 568
 568 609 610 569
 569 610 611 570
 570 611 612 571
 571 612 613 572
 572 613 614 573
 573 614 615 574
 575 616 617 576
 576 617 618 577
 577 618 619 578
 578 619 620 579
 579 620 621 580
 580 621 622 581
 581 622 623 582
 582 623 624 583
 583 624 625 584
 584 625 626 585
 585 626 627 586
 586 627 628 587
 587 628 629 588
 588 629 630 589
 589 630 631 590
 590 631 632 591
 591 632 633 592
 592 633 634 593
 593 634 635 594
 594 635 636 595
 595 636 637 596
 596 637 638 597
 597 638 639 598
 598 639 640 599
 599 640 641 600
 600 641 642 601
 601 642 643 602
 602 643 644 603
 603 644 645 604
 604 645 646 605
 605 646 647 606
 606 647 648 607
 607 648 649 608
 608 649 650 609
 609 650 651 610
 610 651 652 611
 611 652 653 612
 612 653 654 613
 613 654 655 614
 614 655 656 615
 616 657 658 617
 617 658 659 618
 618 659 660 619
 619 660 661 620
 620 661 662 621
 621 662 663 622
 622 663 664 623
 623 664 665 624
 624 665 666 625
 625 666 667 626
 626 667 668 627
 627 668 669 628
 628 669 670 629
 629 670 671 630
 630 671 672 631
 631 672 673 632
 632 673 674 633
 633 674 675 634
 634 675 676 635
 635 676 677 636
 636 677 678 637
 637 678 679 638
 638 679 680 639
 639 680 681 640
 640 681 682 641
 641 682 683 642
 642 683 684 643
 643 684 685 644
 644 685 686 645
 645 686 687 646
 646 687 688 647
 647 688 689 648
 648 689 690 649
 649 690 691 650
 650 691 692 651
 651 692 693 652
 652 693 694 653
 653 694 695 654
 654 695 696 655
 655 696 697 656
 657 698 699 658
 658 699 700 659
 659 700 701 660
 660 701 702 661
 661 702 703 662
 662 703 704 663
 663 704 705 664
 664 705 706 665
 665 706 707 666
 666 707 708 667
 667 708 709 668
 668 709 710 669
 669 710 711 670
 670 711 712 671
 671 712 713 672
 672 713 714 673
 673 714 715 674
 674 715 716 675
 675 716 717 676
 676 717 718 677
 677 718 719 678
 678 719 720 679
 679 720 721 680
 680 721 722 681
 681 722 723 682
 682 723 724 683
 683 724 725 684
 684 725 726 685
 685 726 727 686
 686 727 728 687
 687 728 729 688
 688 729 730 689
 689 730 731 690
 690 731 732 691
 691 732 733 692
 692 733 734 693
 693 734 735 694
 694 735 736 695
 695 736 737 696
 696 737 738 697
 698 739 740 699
 699 740 741 700
 700 741 742 701
 701 742 743 702
 702 743 744 703
 703 744 745 704
 704 745 746 705
 705 746 747 706
 706 747 748 707
 707 748 749 708
 708 749 750 709
 709 750 751 710
 710 751 752 711
 711 752 753 712
 712 753 754 713
 713 754 755 714
 714 755 756 715
 715 756 757 716
 716 757 758 717
 717 758 759 718
 718 759 760 719
 719 760 761 720
 720 761 762 721
 721 762 763 722
 722 763 764 723
 723 764 765 724
 724 765 766 725
 725 766 767 726
 726 767 768 727
 727 768 769 728
 728 769 770 729
 729 770 771 730
 730 771 772 731
 731 772 773 732
 732 773 774 733
 733 774 775 734
 734 775 776 735
 735 776 777 736
 736 777 778 737
 737 778 779 738
 739 780 781 740
 740 781 782 741
 741 782 783 742
 742 783 784 743
 743 784 785 744
 744 785 786 745
 745 786 787 746
 746 787 788 747
 747 788 789 748
 748 789 790 749
 749 790 791 750
 750 791 792 751
 751 792 793 752
 752 793 794 753
 753 794 795 754
 754 795 796 755
 755 796 797 756
 756 797 798 757
 757 798 799 758
 758 799 800 759
 759 800 801 760
 760 801 802 761
 761 802 803 762
 762 803 804 763
 763 804 805 764
 764 805 806 765
 765 806 807 766
 766 807 808 767
 767 808 809 768
 768 809 810 769
 769 810 811 770
 770 811 812 771
 771 812 813 772
 772 813 814 773
 773 814 815 774
 774 815 816 775
 775 816 817 776
 776 817 818 777
 777 818 819 778
 778 819 820 779
 780 821 822 781
 781 822 823 782
 782 823 824 783
 783 824 825 784
 784 825 826 785
 785 826 827 786
 786 827 828 787
 787 828 829 788
 788 829 830 789
 789 830 831 790
 790 831 832 791
 791 832 833 792
 792 833 834 793
 793 834 835 794
 794 835 836 795
 795 836 837 796
 796 837 838 797
 797 838 839 798
 798 839 840 799
 799 840 841 800
 800 841 842 801
 801 842 843 802
 802 843 844 803
 803 844 845 804
 804 845 846 805
 805 846 847 806
 806 847 848 807
 807 848 849 808
 808 849 850 809
 809 850 851 810
 810 851 852 811
 811 852 853 812
 812 853 854 813
 813 854 855 814
 814 855 856 815
 815 856 857 816
 816 857 858 817
 817 858 859 818
 818 859 860 819
 819 860 861 820
 821 862 863 822
 822 863 864 823
 823 864 865 824
 824 865 866 825
 825 866 867 826
 826 867 868 827
 827 868 869 828
 828 869 870 829
 829 870 871 830
 830 871 872 831
 831 872 873 832
 832 873 874 833
 833 874 875 834
 834 875 876 835
 835 876 877 836
 836 877 878 837
 837 878 879 838
 838 879 880 839
 839 880 881 840
 840 881 882 841
 841 882 883 842
 842 883 884 843
 843 884 885 844
 844 885 886 845
 845 886 887 846
 846 887 888 847
 847 888 889 848
 848 889 890 849
 849 890 891 850
 850 891 892 851
 851 892 893 852
 852 893 894 853
 853 894 895 854
 854 895 896 855
 855 896 897 856
 856 897 898 857
 857 898 899 858
 858 899 900 859
 859 900 901 860
 860 901 902 861
 862 903 904 863
 863 904 905 864
 864 905 906 865
 865 906 907 866
 866 907 908 867
 867 908 909 868
 868 909 910 869
 869 910 911 870
 870 911 912 871
 871 912 913 872
 872 913 914 873
 873 914 915 874
 874 915 916 875
 875 916 917 876
 876 917 918 877
 877 918 919 878
 878 919 920 879
 879 920 921 880
 880 921 922 881
 881 922 923 882
 882 923 924 883
 883 924 925 884
 884 925 926 885
 885 926 927 886
 886 927 928 887
 887 928 929 888
 888 929 930 889
 889 930 931 890
 890 931 932 891
 891 932 933 892
 892 933 934 893
 893 934 935 894
 894 935 936 895
 895 936 937 896
 896 937 938 897
 897 938 939 898
 898 939 940 899
 899 940 941 900
 900 941 942 901
 901 942 943 902
 903 944 945 904
 904 945 946 905
 905 946 947 906
 906 947 948 907
 907 948 949 908
 908 949 950 909
 909 950 951 910
 910 951 952 911
 911 952 953 912
 912 953 954 913
 913 954 955 914
 914 955 956 915
 915 956 957 916
 916 957 958 917
 917 958 959 918
 918 959 960 919
 919 960 961 920
 920 961 962 921
 921 962 963 922
 922 963 964 923
 923 964 965 924
 924 965 966 925
 925 966 967 926
 926 967 968 927
 927 968 969 928
 928 969 970 929
 929 970 971 930
 930 971 972 931
 931 972 973 932
 932 973 974 933
 933 974 975 934
 934 975 976 935
 935 976 977 936
 936 977 978 937
 937 978 979 938
 938 979 980 939
 939 980 981 940
 940 981 982 941
 941 982 983 942
 942 983 984 943
 944 985 986 945
 945 986 987 946
 946 987 988 947
 947 988 989 948
 948 989 990 949
 949 990 991 950
 950 991 992 951
 951 992 993 952
 952 993 994 953
 953 994 995 954
 954 995 996 955
 955 996 997 956
 956 997 998 957
 957 998 999 958
 958 999 1000 959
 959 1000 1001 960
 960 1001 1002 961
 961 1002 1003 962
 962 1003 1004 963
 963 1004 1005 964
 964 1005 1006 965
 965 1006 1007 966
 966 1007 1008 967
 967 1008 1009 968
 968 1009 1010 969
 969 1010 1011 970
 970 1011 1012 971
 971 1012 1013 972
 972 1013 1014 973
 973 1014 1015 974
 974 1015 1016 975
 975 1016 1017 976
 976 1017 1018 977
 977 1018 1019 978
 978 1019 1020 979
 979 1020 1021 980
 980 1021 1022 981
 981 1022 1023 982
 982 1023 1024 983
 983 1024 1025 984
 985 1026 1027 986
 986 1027 1028 987
 987 1028 1029 988
 988 1029 1030 989
 989 1030 1031 990
 990 1031 1032 991
 991 1032 1033 992
 992 1033 1034 993
 993 1034 1035 994
 994 1035 1036 995
 995 1036 1037 996
 996 1037 1038 997
 997 1038 1039 998
 998 1039 1040 999
 999 1040 1041 1000
 1000 1041 1042 1001
 1001 1042 1043 1002
 1002 1043 1044 1003
 1003 1044 1045 1004
 1004 1045 1046 1005
 1005 1046 1047 1006
 1006 1047 1048 1007
 1007 1048 1049 1008
 1008 1049 1050 1009
 1009 1050 1051 1010
 1010 1051 1052 1011
 1011 1052 1053 1012
 1012 1053 1054 1013
 1013 1054 1055 1014
 1014 1055 1056 1015
 1015 1056 1057 1016
 1016 1057 1058 1017
 1017 1058 1059 1018
 1018 1059 1060 1019
 1019 1060 1061 1020
 1020 1061 1062 1021
 1021 1062 1063 1022
 1022 1063 1064 1023
 1023 1064 1065 1024
 1024 1065 1066 1025
 1026 1067 1068 1027
 1027 1068 1069 1028
 1028 1069 1070 1029
 1029 1070 1071 1030
 1030 1071 1072 1031
 1031 1072 1073 1032
 1032 1073 1074 1033
 1033 1074 1075 1034
 1034 1075 1076 1035
 1035 1076 1077 1036
 1036 1077 1078 1037
 1037 1078 1079 1038
 1038 1079 1080 1039
 1039 1080 1081 1040
 1040 1081 1082 1041
 1041 1082 1083 1042
 1042 1083 1084 1043
 1043 1084 1085 1044
 1044 1085 1086 1045
 1045 1086 1087 1046
 1046 1087 1088 1047
 1047 1088 1089 1048
 1048 1089 1090 1049
 1049 1090 1091 1050
 1050 1091 1092 1051
 1051 1092 1093 1052
 1052 1093 1094 1053
 1053 1094 1095 1054
 1054 1095 1096 1055
 1055 1096 1097 1056
 1056 1097 1098 1057
 1057 1098 1099 1058
 1058 1099 1100 1059
 1059 1100 1101 1060
 1060 1101 1102 1061
 1061 1102 1103 1062
 1062 1103 1104 1063
 1063 1104 1105 1064
 1064 1105 1106 1065
 1065 1106 1107 1066
 1067 1108 1109 1068
 1068 1109 1110 1069
 1069 1110 1111 1070
 1070 1111 1112 1071
 1071 1112 1113 1072
 1072 1113 1114 1073
 1073 1114 1115 1074
 1074 1115 1116 1075
 1075 1116 1117 1076
 1076 1117 1118 1077
 1077 1118 1119 1078
 1078 1119 1120 1079
 1079 1120 1121 1080
 1080 1121 1122 1081
 1081 1122 1123 1082
 1082 1123 1124 1083
 1083 1124 1125 1084
 1084 1125 1126 1085
 1085 1126 1127 1086
 1086 1127 1128 1087
 1087 1128 1129 1088
 1088 1129 1130 1089
 1089 1130 1131 1090
 1090 1131 1132 1091
 1091 1132 1133 1092
 1092 1133 1134 1093
 1093 1134 1135 1094
 1094 1135 1136 1095
 1095 1136 1137 1096
 1096 1137 1138 1097
 1097 1138 1139 1098
 1098 1139 1140 1099
 1099 1140 1141 1100
 1100 1141 1142 1101
 1101 1142 1143 1102
 1102 1143 1144 1103
 1103 1144 1145 1104
 1104 1145 1146 1105
 1105 1146 1147 1106
 1106 1147 1148 1107
 1108 1149 1150 1109
 1109 1150 1151 1110
 1110 1151 1152 1111
 1111 1152 1153 1112
 1112 1153 1154 1113
 1113 1154 1155 1114
 1114 1155 1156 1115
 1115 1156 1157 1116
 1116 1157 1158 1117
 1117 1158 1159 1118
 1118 1159 1160 1119
 1119 1160 1161 1120
 1120 1161 1162 1121
 1121 1162 1163 1122
 1122 1163 1164 1123
 1123 1164 1165 1124
 1124 1165 1166 1125
 1125 1166 1167 1126
 1126 1167 1168 1127
 1127 1168 1169 1128
 1128 1169 1170 1129
 1129 1170 1171 1130
 1130 1171 1172 1131
 1131 1172 1173 1132
 1132 1173 1174 1133
 1133 1174 1175 1134
 1134 1175 1176 1135
 1135 1176 1177 1136
 1136 1177 1178 1137
 1137 1178 1179 1138
 1138 1179 1180 1139
 1139 1180 1181 1140
 1140 1181 1182 1141
 1141 1182 1183 1142
 1142 1183 1184 1143
 1143 1184 1185 1144
 1144 1185 1186 1145
 1145 1186 1187 1146
 1146 1187 1188 1147
 1147 1188 1189 1148
 1149 1190 1191 1150
 1150 1191 1192 1151
 1151 1192 1193 1152
 1152 1193 1194 1153
 1153 1194 1195 1154
 1154 1195 1196 1155
 1155 1196 1197 1156
 1156 1197 1198 1157
 1157 1198 1199 1158
 1158 1199 1200 1159
 1159 1200 1201 1160
 1160 1201 1202 1161
 1161 1202 1203 1162
 1162 1203 1204 1163
 1163 1204 1205 1164
 1164 1205 1206 1165
 1165 1206 1207 1166
 1166 1207 1208 1167
 1167 1208 1209 1168
 1168 1209 1210 1169
 1169 1210 1211 1170
 1170 1211 1212 1171
 1171 1212 1213 1172
 1172 1213 1214 1173
 1173 1214 1215 1174
 1174 1215 1216 1175
 1175 1216 1217 1176
 1176 1217 1218 1177
 1177 1218 1219 1178
 1178 1219 1220 1179
 1179 1220 1221 1180
 1180 1221 1222 1181
 1181 1222 1223 1182
 1182 1223 1224 1183
 1183 1224 1225 1184
 1184 1225 1226 1185
 1185 1226 1227 1186
 1186 1227 1228 1187
 1187 1228 1229 1188
 1188 1229 1230 1189
 1190 1231 1232 1191
 1191 1232 1233 1192
 1192 1233 1234 1193
 1193 1234 1235 1194
 1194 1235 1236 1195
 1195 1236 1237 1196
 1196 1237 1238 1197
 1197 1238 1239 1198
 1198 1239 1240 1199
 1199 1240 1241 1200
 1200 1241 1242 1201
 1201 1242 1243 1202
 1202 1243 1244 1203
 1203 1244 1245 1204
 1204 1245 1246 1205
 1205 1246 1247 1206
 1206 1247 1248 1207
 1207 1248 1249 1208
 1208 1249 1250 1209
 1209 1250 1251 1210
 1210 1251 1252 1211
 1211 1252 1253 1212
 1212 1253 1254 1213
 1213 1254 1255 1214
 1214 1255 1256 1215
 1215 1256 1257 1216
 1216 1257 1258 1217
 1217 1258 1259 1218
 1218 1259 1260 1219
 1219 1260 1261 1220
 1220 1261 1262 1221
 1221 1262 1263 1222
 1222 1263 1264 1223
 1223 1264 1265 1224
 1224 1265 1266 1225
 1225 1266 1267 1226
 1226 1267 1268 1227
 1227 1268 1269 1228
 1228 1269 1270 1229
 1229 1270 1271 1230
 1231 1272 1273 1232
 1232 1273 1274 1233
 1233 1274 1275 1234
 1234 1275 1276 1235
 1235 1276 1277 1236
 1236 1277 1278 1237
 1237 1278 1279 1238
 1238 1279 1280 1239
 1239 1280 1281 1240
 1240 1281 1282 1241
 1241 1282 1283 1242
 1242 1283 1284 1243
 1243 1284 1285 1244
 1244 1285 1286 1245
 1245 1286 1287 1246
 1246 1287 1288 1247
 1247 1288 1289 1248
 1248 1289 1290 1249
 1249 1290 1291 1250
 1250 1291 1292 1251
 1251 1292 1293 1252
 1252 1293 1294 1253
 1253 1294 1295 1254
 1254 1295 1296 1255
 1255 1296 1297 1256
 1256 1297 1298 1257
 1257 1298 1299 1258
 1258 1299 1300 1259
 1259 1300 1301 1260
 1260 1301 1302 1261
 1261 1302 1303 1262
 1262 1303 1304 1263
 1263 1304 1305 1264
 1264 1305 1306 1265
 1265 1306 1307 1266
 1266 1307 1308 1267
 1267 1308 1309 1268
 1268 1309 1310 1269
 1269 1310 1311 1270
 1270 1311 1312 1271
 1272 1313 1314 1273
 1273 1314 1315 1274
 1274 1315 1316 1275
 1275 1316 1317 1276
 1276 1317 1318 1277
 1277 1318 1319 1278
 1278 1319 1320 1279
 1279 1320 1321 1280
 1280 1321 1322 1281
 1281 1322 1323 1282
 1282 1323 1324 1283
 1283 1324 1325 1284
 1284 1325 1326 1285
 1285 1326 1327 1286
 1286 1327 1328 1287
 1287 1328 1329 1288
 1288 1329 1330 1289
 1289 1330 1331 1290
 1290 1331 1332 1291
 1291 1332 1333 1292
 1292 1333 1334 1293
 1293 1334 1335 1294
 1294 1335 1336 1295
 1295 1336 1337 1296
 1296 1337 1338 1297
 1297 1338 1339 1298
 1298 1339 1340 1299
 1299 1340 1341 1300
 1300 1341 1342 1301
 1301 1342 1343 1302
 1302 1343 1344 1303
 1303 1344 1345 1304
 1304 1345 1346 1305
 1305 1346 1347 1306
 1306 1347 1348 1307
 1307 1348 1349 1308
 1308 1349 1350 1309
 1309 1350 1351 1310
 1310 1351 1352 1311
 1311 1352 1353 1312
 1313 1354 1355 1314
 1314 1355 1356 1315
 1315 1356 1357 1316
 1316 1357 1358 1317
 1317 1358 1359 1318
 1318 1359 1360 1319
 1319 1360 1361 1320
 1320 1361 1362 1321
 1321 1362 1363 1322
 1322 1363 1364 1323
 1323 1364 1365 1324
 1324 1365 1366 1325
 1325 1366 1367 1326
 1326 1367 1368 1327
 1327 1368 1369 1328
 1328 1369 1370 1329
 1329 1370 1371 1330
 1330 1371 1372 1331
 1331 1372 1373 1332
 1332 1373 1374 1333
 1333 1374 1375 1334
 1334 1375 1376 1335
 1335 1376 1377 1336
 1336 1377 1378 1337
 1337 1378 1379 1338
 1338 1379 1380 1339
 1339 1380 1381 1340
 1340 1381 1382 1341
 1341 1382 1383 1342
 1342 1383 1384 1343
 1343 1384 1385 1344
 1344 1385 1386 1345
 1345 1386 1387 1346
 1346 1387 1388 1347
 1347 1388 1389 1348
 1348 1389 1390 1349
 1349 1390 1391 1350
 1350 1391 1392 1351
 1351 1392 1393 1352
 1352 1393 1394 1353
 1354 1395 1396 1355
 1355 1396 1397 1356
 1356 1397 1398 1357
 1357 1398 1399 1358
 1358 1399 1400 1359
 1359 1400 1401 1360
 1360 1401 1402 1361
 1361 1402 1403 1362
 1362 1403 1404 1363
 1363 1404 1405 1364
 1364 1405 1406 1365
 1365 1406 1407 1366
 1366 1407 1408 1367
 1367 1408 1409 1368
 1368 1409 1410 1369
 1369 1410 1411 1370
 1370 1411 1412 1371
 1371 1412 1413 1372
 1372 1413 1414 1373
 1373 1414 1415 1374
 1374 1415 1416 1375
 1375 1416 1417 1376
 1376 1417 1418 1377
 1377 1418 1419 1378
 1378 1419 1420 1379
 1379 1420 1421 1380
 1380 1421 1422 1381
 1381 1422 1423 1382
 1382 1423 1424 1383
 1383 1424 1425 1384
 1384 1425 1426 1385
 1385 1426 1427 1386
 1386 1427 1428 1387
 1387 1428 1429 1388
 1388 1429 1430 1389
 1389 1430 1431 1390
 1390 1431 1432 1391
 1391 1432 1433 1392
 1392 1433 1434 1393
 1393 1434 1435 1394
 1395 1436 1437 1396
 1396 1437 1438 1397
 1397 1438 1439 1398
 1398 1439 1440 1399
 1399 1440 1441 1400
 1400 1441 1442 1401
 1401 1442 1443 1402
 1402 1443 1444 1403
 1403 1444 1445 1404
 1404 1445 1446 1405
 1405 1446 1447 1406
 1406 1447 1448 1407
 1407 1448 1449 1408
 1408 1449 1450 1409
 1409 1450 1451 1410
 1410 1451 1452 1411
 1411 1452 1453 1412
 1412 1453 1454 1413
 1413 1454 1455 1414
 1414 1455 1456 1415
 1415 1456 1457 1416
 1416 1457 1458 1417
 1417 1458 1459 1418
 1418 1459 1460 1419
 1419 1460 1461 1420
 1420 1461 1462 1421
 1421 1462 1463 1422
 1422 1463 1464 1423
 1423 1464 1465 1424
 1424 1465 1466 1425
 1425 1466 1467 1426
 1426 1467 1468 1427
 1427 1468 1469 1428
 1428 1469 1470 1429
 1429 1470 1471 1430
 1430 1471 1472 1431
 1431 1472 1473 1432
 1432 1473 1474 1433
 1433 1474 1475 1434
 1434 1475 1476 1435
 1436 1477 1478 1437
 1437 1478 1479 1438
 1438 1479 1480 1439
 1439 1480 1481 1440
 1440 1481 1482 1441
 1441 1482 1483 1442
 1442 1483 1484 1443
 1443 1484 1485 1444
 1444 1485 1486 1445
 1445 1486 1487 1446
 1446 1487 1488 1447
 1447 1488 1489 1448
 1448 1489 1490 1449
 1449 1490 1491 1450
 1450 1491 1492 1451
 1451 1492 1493 1452
 1452 1493 1494 1453
 1453 1494 1495 1454
 1454 1495 1496 1455
 1455 1496 1497 1456
 1456 1497 1498 1457
 1457 1498 1499 1458
 1458 1499 1500 1459
 1459 1500 1501 1460
 1460 1501 1502 1461
 1461 1502 1503 1462
 1462 1503 1504 1463
 1463 1504 1505 1464
 1464 1505 1506 1465
 1465 1506 1507 1466
 1466 1507 1508 1467
 1467 1508 1509 1468
 1468 1509 1510 1469
 1469 1510 1511 1470
 1470 1511 1512 1471
 1471 1512 1513 1472
 1472 1513 1514 1473
 1473 1514 1515 1474
 1474 1515 1516 1475
 1475 1516 1517 1476
 1477 1518 1519 1478
 1478 1519 1520 1479
 1479 1520 1521 1480
 1480 1521 1522 1481
 1481 1522 1523 1482
 1482 1523 1524 1483
 1483 1524 1525 1484
 1484 1525 1526 1485
 1485 1526 1527 1486
 1486 1527 1528 1487
 1487 1528 1529 1488
 1488 1529 1530 1489
 1489 1530 1531 1490
 1490 1531 1532 1491
 1491 1532 1533 1492
 1492 1533 1534 1493
 1493 1534 1535 1494
 1494 1535 1536 1495
 1495 1536 1537 1496
 1496 1537 1538 1497
 1497 1538 1539 1498
 1498 1539 1540 1499
 1499 1540 1541 1500
 1500 1541 1542 1501
 1501 1542 1543 1502
 1502 1543 1544 1503
 1503 1544 1545 1504
 1504 1545 1546 1505
 1505 1546 1547 1506
 1506 1547 1548 1507
 1507 1548 1549 1508
 1508 1549 1550 1509
 1509 1550 1551 1510
 1510 1551 1552 1511
 1511 1552 1553 1512
 1512 1553 1554 1513
 1513 1554 1555 1514
 1514 1555 1556 1515
 1515 1556 1557 1516
 1516 1557 1558 1517
 1518 1559 1560 1519
 1519 1560 1561 1520
 1520 1561 1562 1521
 1521 1562 1563 1522
 1522 1563 1564 1523
 1523 1564 1565 1524
 1524 1565 1566 1525
 1525 1566 1567 1526
 1526 1567 1568 1527
 1527 1568 1569 1528
 1528 1569 1570 1529
 1529 1570 1571 1530
 1530 1571 1572 1531
 1531 1572 1573 1532
 1532 1573 1574 1533
 1533 1574 1575 1534
 1534 1575 1576 1535
 1535 1576 1577 1536
 1536 1577 1578 1537
 1537 1578 1579 1538
 1538 1579 1580 1539
 1539 1580 1581 1540
 1540 1581 1582 1541
 1541 1582 1583 1542
 1542 1583 1584 1543
 1543 1584 1585 1544
 1544 1585 1586 1545
 1545 1586 1587 1546
 1546 1587 1588 1547
 1547 1588 1589 1548
 1548 1589 1590 1549
 1549 1590 1591 1550
 1550 1591 1592 1551
 1551 1592 1593 1552
 1552 1593 1594 1553
 1553 1594 1595 1554
 1554 1595 1596 1555
 1555 1596 1597 1556
 1556 1597 1598 1557
 1557 1598 1599 1558
 1559 1600 1601 1560
 1560 1601 1602 1561
 1561 1602 1603 1562
 1562 1603 1604 1563
 1563 1604 1605 1564
 1564 1605 1606 1565
 1565 1606 1607 1566
 1566 1607 1608 1567
 1567 1608 1609 1568
 1568 1609 1610 1569
 1569 1610 1611 1570
 1570 1611 1612 1571
 1571 1612 1613 1572
 1572 1613 1614 1573
 1573 1614 1615 1574
 1574 1615 1616 1575
 1575 1616 1617 1576
 1576 1617 1618 1577
 1577 1618 1619 1578
 1578 1619 1620 1579
 1579 1620 1621 1580
 1580 1621 1622 1581
 1581 1622 1623 1582
 1582 1623 1624 1583
 1583 1624 1625 1584
 1584 1625 1626 1585
 1585 1626 1627 1586
 1586 1627 1628 1587
 1587 1628 1629 1588
 1588 1629 1630 1589
 1589 1630 1631 1590
 1590 1631 1632 1591
 1591 1632 1633 1592
 1592 1633 1634 1593
 1593 1634 1635 1594
 1594 1635 1636 1595
 1595 1636 1637 1596
 1596 1637 1638 1597
 1597 1638 1639 1598
 1598 1639 1640 1599
 1600 1641 1642 1601
 1601 1642 1643 1602
 1602 1643 1644 1603
 1603 1644 1645 1604
 1604 1645 1646 1605
 1605 1646 1647 1606
 1606 1647 1648 1607
 1607 1648 1649 1608
 1608 1649 1650 1609
 1609 1650 1651 1610
 1610 1651 1652 1611
 1611 1652 1653 1612
 1612 1653 1654 1613
 1613 1654 1655 1614
 1614 1655 1656 1615
 1615 1656 1657 1616
 1616 1657 1658 1617
 1617 1658 1659 1618
 1618 1659 1660 1619
 1619 1660 1661 1620
 1620 1661 1662 1621
 1621 1662 1663 1622
 1622 1663 1664 1623
 1623 1664 1665 1624
 1624 1665 1666 1625
 1625 1666 1667 1626
 1626 1667 1668 1627
 1627 1668 1669 1628
 1628 1669 1670 1629
 1629 1670 1671 1630
 1630 1671 1672 1631
 1631 1672 1673 1632
 1632 1673 1674 1633
 1633 1674 1675 1634
 1634 1675 1676 1635
 1635 1676 1677 1636
 1636 1677 1678 1637
 1637 1678 1679 1638
 1638 1679 1680 1639
 1639 1680 1681 1640
