82 1 1
82 2 0
123 1 1
123 2 0
164 1 1
164 2 0
205 1 1
205 2 0
246 1 1
246 2 0
287 1 1
287 2 0
328 1 1
328 2 0
369 1 1
369 2 0
410 1 1
410 2 0
451 1 1
451 2 0
492 1 1
492 2 0
533 1 1
533 2 0
574 1 1
574 2 0
615 1 1
615 2 0
656 1 1
656 2 0
697 1 1
697 2 0
738 1 1
738 2 0
779 1 1
779 2 0
820 1 1
820 2 0
861 1 1
861 2 0
902 1 1
902 2 0
943 1 1
943 2 0
984 1 1
984 2 0
1025 1 1
1025 2 0
1066 1 1
1066 2 0
1107 1 1
1107 2 0
1148 1 1
1148 2 0
1189 1 1
1189 2 0
1230 1 1
1230 2 0
1271 1 1
1271 2 0
1312 1 1
1312 2 0
1353 1 1
1353 2 0
1394 1 1
1394 2 0
1435 1 1
1435 2 0
1476 1 1
1476 2 0
1517 1 1
1517 2 0
1558 1 1
1558 2 0
1599 1 1
1599 2 0
1640 1 1
1640 2 0
