 0 0
 0 0.01047479834179603
 0 0.02182736788600239
 0 0.03413126444330297
 0 0.0474662076826519
 0 0.06191859765265262
 0 0.07758207458659537
 0 0.0945581256182535
 0 0.1129567423394849
 0 0.1328971334600995
 0 0.1545084971874739
 0 0.1779308583303318
 0 0.2033159755504711
 0 0.2308283246407208
 0 0.2606461642000062
 0 0.292962690610264
 0 0.32798728979856
 0 0.365946893894853
 0 0.4070874515754908
 0 0.451675521619118
 0 0.5000000000000003
 0 0.5483244783808826
 0 0.5929125484245099
 0 0.6340531061051475
 0 0.6720127102014405
 0 0.7070373093897365
 0 0.7393538357999943
 0 0.7691716753592795
 0 0.7966840244495292
 0 0.8220691416696685
 0 0.8454915028125265
 0 0.8671028665399009
 0 0.8870432576605154
 0 0.9054418743817467
 0 0.9224179254134048
 0 0.9380814023473475
 0 0.9525337923173482
 0 0.9658687355566973
 0 0.9781726321139977
 0 0.9895252016582041
 0 1
 0.01047479834179603 0
 0.01047479834179603 0.01047479834179603
 0.01047479834179603 0.02182736788600239
 0.01047479834179603 0.03413126444330297
 0.01047479834179603 0.0474662076826519
 0.01047479834179603 0.06191859765265262
 0.01047479834179603 0.07758207458659537
 0.01047479834179603 0.0945581256182535
 0.01047479834179603 0.1129567423394849
 0.01047479834179603 0.1328971334600995
 0.01047479834179603 0.1545084971874739
 0.01047479834179603 0.1779308583303318
 0.01047479834179603 0.2033159755504711
 0.01047479834179603 0.2308283246407208
 0.01047479834179603 0.2606461642000062
 0.01047479834179603 0.292962690610264
 0.01047479834179603 0.32798728979856
 0.01047479834179603 0.365946893894853
 0.01047479834179603 0.4070874515754908
 0.01047479834179603 0.451675521619118
 0.01047479834179603 0.5000000000000003
 0.01047479834179603 0.5483244783808826
 0.01047479834179603 0.5929125484245099
 0.01047479834179603 0.6340531061051475
 0.01047479834179603 0.6720127102014405
 0.01047479834179603 0.7070373093897365
 0.01047479834179603 0.7393538357999943
 0.01047479834179603 0.7691716753592795
 0.01047479834179603 0.7966840244495292
 0.01047479834179603 0.8220691416696685
 0.01047479834179603 0.8454915028125265
 0.01047479834179603 0.8671028665399009
 0.01047479834179603 0.8870432576605154
 0.01047479834179603 0.9054418743817467
 0.01047479834179603 0.9224179254134048
 0.01047479834179603 0.9380814023473475
 0.01047479834179603 0.9525337923173482
 0.01047479834179603 0.9658687355566973
 0.01047479834179603 0.9781726321139977
 0.01047479834179603 0.9895252016582041
 0.01047479834179603 1
 0.02182736788600239 0
 0.02182736788600239 0.01047479834179603
 0.02182736788600239 0.02182736788600239
 0.02182736788600239 0.03413126444330297
 0.02182736788600239 0.0474662076826519
 0.02182736788600239 0.06191859765265262
 0.02182736788600239 0.07758207458659537
 0.02182736788600239 0.0945581256182535
 0.02182736788600239 0.1129567423394849
 0.02182736788600239 0.1328971334600995
 0.02182736788600239 0.1545084971874739
 0.02182736788600239 0.1779308583303318
 0.02182736788600239 0.2033159755504711
 0.02182736788600239 0.2308283246407208
 0.02182736788600239 0.2606461642000062
 0.02182736788600239 0.292962690610264
 0.02182736788600239 0.32798728979856
 0.02182736788600239 0.365946893894853
 0.02182736788600239 0.4070874515754908
 0.02182736788600239 0.451675521619118
 0.02182736788600239 0.5000000000000003
 0.02182736788600239 0.5483244783808826
 0.02182736788600239 0.5929125484245099
 0.02182736788600239 0.6340531061051475
 0.02182736788600239 0.6720127102014405
 0.02182736788600239 0.7070373093897365
 0.02182736788600239 0.7393538357999943
 0.02182736788600239 0.7691716753592795
 0.02182736788600239 0.7966840244495292
 0.02182736788600239 0.8220691416696685
 0.02182736788600239 0.8454915028125265
 0.02182736788600239 0.8671028665399009
 0.02182736788600239 0.8870432576605154
 0.02182736788600239 0.9054418743817467
 0.02182736788600239 0.9224179254134048
 0.02182736788600239 0.9380814023473475
 0.02182736788600239 0.9525337923173482
 0.02182736788600239 0.9658687355566973
 0.02182736788600239 0.9781726321139977
 0.02182736788600239 0.9895252016582041
 0.02182736788600239 1
 0.03413126444330297 0
 0.03413126444330297 0.01047479834179603
 0.03413126444330297 0.02182736788600239
 0.03413126444330297 0.03413126444330297
 0.03413126444330297 0.0474662076826519
 0.03413126444330297 0.06191859765265262
 0.03413126444330297 0.07758207458659537
 0.03413126444330297 0.0945581256182535
 0.03413126444330297 0.1129567423394849
 0.03413126444330297 0.1328971334600995
 0.03413126444330297 0.1545084971874739
 0.03413126444330297 0.1779308583303318
 0.03413126444330297 0.2033159755504711
 0.03413126444330297 0.2308283246407208
 0.03413126444330297 0.2606461642000062
 0.03413126444330297 0.292962690610264
 0.03413126444330297 0.32798728979856
 0.03413126444330297 0.365946893894853
 0.03413126444330297 0.4070874515754908
 0.03413126444330297 0.451675521619118
 0.03413126444330297 0.5000000000000003
 0.03413126444330297 0.5483244783808826
 0.03413126444330297 0.5929125484245099
 0.03413126444330297 0.6340531061051475
 0.03413126444330297 0.6720127102014405
 0.03413126444330297 0.7070373093897365
 0.03413126444330297 0.7393538357999943
 0.03413126444330297 0.7691716753592795
 0.03413126444330297 0.7966840244495292
 0.03413126444330297 0.8220691416696685
 0.03413126444330297 0.8454915028125265
 0.03413126444330297 0.8671028665399009
 0.03413126444330297 0.8870432576605154
 0.03413126444330297 0.9054418743817467
 0.03413126444330297 0.9224179254134048
 0.03413126444330297 0.9380814023473475
 0.03413126444330297 0.9525337923173482
 0.03413126444330297 0.9658687355566973
 0.03413126444330297 0.9781726321139977
 0.03413126444330297 0.9895252016582041
 0.03413126444330297 1
 0.0474662076826519 0
 0.0474662076826519 0.01047479834179603
 0.0474662076826519 0.02182736788600239
 0.0474662076826519 0.03413126444330297
 0.0474662076826519 0.0474662076826519
 0.0474662076826519 0.06191859765265262
 0.0474662076826519 0.07758207458659537
 0.0474662076826519 0.0945581256182535
 0.0474662076826519 0.1129567423394849
 0.0474662076826519 0.1328971334600995
 0.0474662076826519 0.1545084971874739
 0.0474662076826519 0.1779308583303318
 0.0474662076826519 0.2033159755504711
 0.0474662076826519 0.2308283246407208
 0.0474662076826519 0.2606461642000062
 0.0474662076826519 0.292962690610264
 0.0474662076826519 0.32798728979856
 0.0474662076826519 0.365946893894853
 0.0474662076826519 0.4070874515754908
 0.0474662076826519 0.451675521619118
 0.0474662076826519 0.5000000000000003
 0.0474662076826519 0.5483244783808826
 0.0474662076826519 0.5929125484245099
 0.0474662076826519 0.6340531061051475
 0.0474662076826519 0.6720127102014405
 0.0474662076826519 0.7070373093897365
 0.0474662076826519 0.7393538357999943
 0.0474662076826519 0.7691716753592795
 0.0474662076826519 0.7966840244495292
 0.0474662076826519 0.8220691416696685
 0.0474662076826519 0.8454915028125265
 0.0474662076826519 0.8671028665399009
 0.0474662076826519 0.8870432576605154
 0.0474662076826519 0.9054418743817467
 0.0474662076826519 0.9224179254134048
 0.0474662076826519 0.9380814023473475
 0.0474662076826519 0.9525337923173482
 0.0474662076826519 0.9658687355566973
 0.0474662076826519 0.9781726321139977
 0.0474662076826519 0.9895252016582041
 0.0474662076826519 1
 0.06191859765265262 0
 0.06191859765265262 0.01047479834179603
 0.06191859765265262 0.02182736788600239
 0.06191859765265262 0.03413126444330297
 0.06191859765265262 0.0474662076826519
 0.06191859765265262 0.06191859765265262
 0.06191859765265262 0.07758207458659537
 0.06191859765265262 0.0945581256182535
 0.06191859765265262 0.1129567423394849
 0.06191859765265262 0.1328971334600995
 0.06191859765265262 0.1545084971874739
 0.06191859765265262 0.1779308583303318
 0.06191859765265262 0.2033159755504711
 0.06191859765265262 0.2308283246407208
 0.06191859765265262 0.2606461642000062
 0.06191859765265262 0.292962690610264
 0.06191859765265262 0.32798728979856
 0.06191859765265262 0.365946893894853
 0.06191859765265262 0.4070874515754908
 0.06191859765265262 0.451675521619118
 0.06191859765265262 0.5000000000000003
 0.06191859765265262 0.5483244783808826
 0.06191859765265262 0.5929125484245099
 0.06191859765265262 0.6340531061051475
 0.06191859765265262 0.6720127102014405
 0.06191859765265262 0.7070373093897365
 0.06191859765265262 0.7393538357999943
 0.06191859765265262 0.7691716753592795
 0.06191859765265262 0.7966840244495292
 0.06191859765265262 0.8220691416696685
 0.06191859765265262 0.8454915028125265
 0.06191859765265262 0.8671028665399009
 0.06191859765265262 0.8870432576605154
 0.06191859765265262 0.9054418743817467
 0.06191859765265262 0.9224179254134048
 0.06191859765265262 0.9380814023473475
 0.06191859765265262 0.9525337923173482
 0.06191859765265262 0.9658687355566973
 0.06191859765265262 0.9781726321139977
 0.06191859765265262 0.9895252016582041
 0.06191859765265262 1
 0.07758207458659537 0
 0.07758207458659537 0.01047479834179603
 0.07758207458659537 0.02182736788600239
 0.07758207458659537 0.03413126444330297
 0.07758207458659537 0.0474662076826519
 0.07758207458659537 0.06191859765265262
 0.07758207458659537 0.07758207458659537
 0.07758207458659537 0.0945581256182535
 0.07758207458659537 0.1129567423394849
 0.07758207458659537 0.1328971334600995
 0.07758207458659537 0.1545084971874739
 0.07758207458659537 0.1779308583303318
 0.07758207458659537 0.2033159755504711
 0.07758207458659537 0.2308283246407208
 0.07758207458659537 0.2606461642000062
 0.07758207458659537 0.292962690610264
 0.07758207458659537 0.32798728979856
 0.07758207458659537 0.365946893894853
 0.07758207458659537 0.4070874515754908
 0.07758207458659537 0.451675521619118
 0.07758207458659537 0.5000000000000003
 0.07758207458659537 0.5483244783808826
 0.07758207458659537 0.5929125484245099
 0.07758207458659537 0.6340531061051475
 0.07758207458659537 0.6720127102014405
 0.07758207458659537 0.7070373093897365
 0.07758207458659537 0.7393538357999943
 0.07758207458659537 0.7691716753592795
 0.07758207458659537 0.7966840244495292
 0.07758207458659537 0.8220691416696685
 0.07758207458659537 0.8454915028125265
 0.07758207458659537 0.8671028665399009
 0.07758207458659537 0.8870432576605154
 0.07758207458659537 0.9054418743817467
 0.07758207458659537 0.9224179254134048
 0.07758207458659537 0.9380814023473475
 0.07758207458659537 0.9525337923173482
 0.07758207458659537 0.9658687355566973
 0.07758207458659537 0.9781726321139977
 0.07758207458659537 0.9895252016582041
 0.07758207458659537 1
 0.0945581256182535 0
 0.0945581256182535 0.01047479834179603
 0.0945581256182535 0.02182736788600239
 0.0945581256182535 0.03413126444330297
 0.0945581256182535 0.0474662076826519
 0.0945581256182535 0.06191859765265262
 0.0945581256182535 0.07758207458659537
 0.0945581256182535 0.0945581256182535
 0.0945581256182535 0.1129567423394849
 0.0945581256182535 0.1328971334600995
 0.0945581256182535 0.1545084971874739
 0.0945581256182535 0.1779308583303318
 0.0945581256182535 0.2033159755504711
 0.0945581256182535 0.2308283246407208
 0.0945581256182535 0.2606461642000062
 0.0945581256182535 0.292962690610264
 0.0945581256182535 0.32798728979856
 0.0945581256182535 0.365946893894853
 0.0945581256182535 0.4070874515754908
 0.0945581256182535 0.451675521619118
 0.0945581256182535 0.5000000000000003
 0.0945581256182535 0.5483244783808826
 0.0945581256182535 0.5929125484245099
 0.0945581256182535 0.6340531061051475
 0.0945581256182535 0.6720127102014405
 0.0945581256182535 0.7070373093897365
 0.0945581256182535 0.7393538357999943
 0.0945581256182535 0.7691716753592795
 0.0945581256182535 0.7966840244495292
 0.0945581256182535 0.8220691416696685
 0.0945581256182535 0.8454915028125265
 0.0945581256182535 0.8671028665399009
 0.0945581256182535 0.8870432576605154
 0.0945581256182535 0.9054418743817467
 0.0945581256182535 0.9224179254134048
 0.0945581256182535 0.9380814023473475
 0.0945581256182535 0.9525337923173482
 0.0945581256182535 0.9658687355566973
 0.0945581256182535 0.9781726321139977
 0.0945581256182535 0.9895252016582041
 0.0945581256182535 1
 0.1129567423394849 0
 0.1129567423394849 0.01047479834179603
 0.1129567423394849 0.02182736788600239
 0.1129567423394849 0.03413126444330297
 0.1129567423394849 0.0474662076826519
 0.1129567423394849 0.06191859765265262
 0.1129567423394849 0.07758207458659537
 0.1129567423394849 0.0945581256182535
 0.1129567423394849 0.1129567423394849
 0.1129567423394849 0.1328971334600995
 0.1129567423394849 0.1545084971874739
 0.1129567423394849 0.1779308583303318
 0.1129567423394849 0.2033159755504711
 0.1129567423394849 0.2308283246407208
 0.1129567423394849 0.2606461642000062
 0.1129567423394849 0.292962690610264
 0.1129567423394849 0.32798728979856
 0.1129567423394849 0.365946893894853
 0.1129567423394849 0.4070874515754908
 0.1129567423394849 0.451675521619118
 0.1129567423394849 0.5000000000000003
 0.1129567423394849 0.5483244783808826
 0.1129567423394849 0.5929125484245099
 0.1129567423394849 0.6340531061051475
 0.1129567423394849 0.6720127102014405
 0.1129567423394849 0.7070373093897365
 0.1129567423394849 0.7393538357999943
 0.1129567423394849 0.7691716753592795
 0.1129567423394849 0.7966840244495292
 0.1129567423394849 0.8220691416696685
 0.1129567423394849 0.8454915028125265
 0.1129567423394849 0.8671028665399009
 0.1129567423394849 0.8870432576605154
 0.1129567423394849 0.9054418743817467
 0.1129567423394849 0.9224179254134048
 0.1129567423394849 0.9380814023473475
 0.1129567423394849 0.9525337923173482
 0.1129567423394849 0.9658687355566973
 0.1129567423394849 0.9781726321139977
 0.1129567423394849 0.9895252016582041
 0.1129567423394849 1
 0.1328971334600995 0
 0.1328971334600995 0.01047479834179603
 0.1328971334600995 0.02182736788600239
 0.1328971334600995 0.03413126444330297
 0.1328971334600995 0.0474662076826519
 0.1328971334600995 0.06191859765265262
 0.1328971334600995 0.07758207458659537
 0.1328971334600995 0.0945581256182535
 0.1328971334600995 0.1129567423394849
 0.1328971334600995 0.1328971334600995
 0.1328971334600995 0.1545084971874739
 0.1328971334600995 0.1779308583303318
 0.1328971334600995 0.2033159755504711
 0.1328971334600995 0.2308283246407208
 0.1328971334600995 0.2606461642000062
 0.1328971334600995 0.292962690610264
 0.1328971334600995 0.32798728979856
 0.1328971334600995 0.365946893894853
 0.1328971334600995 0.4070874515754908
 0.1328971334600995 0.451675521619118
 0.1328971334600995 0.5000000000000003
 0.1328971334600995 0.5483244783808826
 0.1328971334600995 0.5929125484245099
 0.1328971334600995 0.6340531061051475
 0.1328971334600995 0.6720127102014405
 0.1328971334600995 0.7070373093897365
 0.1328971334600995 0.7393538357999943
 0.1328971334600995 0.7691716753592795
 0.1328971334600995 0.7966840244495292
 0.1328971334600995 0.8220691416696685
 0.1328971334600995 0.8454915028125265
 0.1328971334600995 0.8671028665399009
 0.1328971334600995 0.8870432576605154
 0.1328971334600995 0.9054418743817467
 0.1328971334600995 0.9224179254134048
 0.1328971334600995 0.9380814023473475
 0.1328971334600995 0.9525337923173482
 0.1328971334600995 0.9658687355566973
 0.1328971334600995 0.9781726321139977
 0.1328971334600995 0.9895252016582041
 0.1328971334600995 1
 0.1545084971874739 0
 0.1545084971874739 0.01047479834179603
 0.1545084971874739 0.02182736788600239
 0.1545084971874739 0.03413126444330297
 0.1545084971874739 0.0474662076826519
 0.1545084971874739 0.06191859765265262
 0.1545084971874739 0.07758207458659537
 0.1545084971874739 0.0945581256182535
 0.1545084971874739 0.1129567423394849
 0.1545084971874739 0.1328971334600995
 0.1545084971874739 0.1545084971874739
 0.1545084971874739 0.1779308583303318
 0.1545084971874739 0.2033159755504711
 0.1545084971874739 0.2308283246407208
 0.1545084971874739 0.2606461642000062
 0.1545084971874739 0.292962690610264
 0.1545084971874739 0.32798728979856
 0.1545084971874739 0.365946893894853
 0.1545084971874739 0.4070874515754908
 0.1545084971874739 0.451675521619118
 0.1545084971874739 0.5000000000000003
 0.1545084971874739 0.5483244783808826
 0.1545084971874739 0.5929125484245099
 0.1545084971874739 0.6340531061051475
 0.1545084971874739 0.6720127102014405
 0.1545084971874739 0.7070373093897365
 0.1545084971874739 0.7393538357999943
 0.1545084971874739 0.7691716753592795
 0.1545084971874739 0.7966840244495292
 0.1545084971874739 0.8220691416696685
 0.1545084971874739 0.8454915028125265
 0.1545084971874739 0.8671028665399009
 0.1545084971874739 0.8870432576605154
 0.1545084971874739 0.9054418743817467
 0.1545084971874739 0.9224179254134048
 0.1545084971874739 0.9380814023473475
 0.1545084971874739 0.9525337923173482
 0.1545084971874739 0.9658687355566973
 0.1545084971874739 0.9781726321139977
 0.1545084971874739 0.9895252016582041
 0.1545084971874739 1
 0.1779308583303318 0
 0.1779308583303318 0.01047479834179603
 0.1779308583303318 0.02182736788600239
 0.1779308583303318 0.03413126444330297
 0.1779308583303318 0.0474662076826519
 0.1779308583303318 0.06191859765265262
 0.1779308583303318 0.07758207458659537
 0.1779308583303318 0.0945581256182535
 0.1779308583303318 0.1129567423394849
 0.1779308583303318 0.1328971334600995
 0.1779308583303318 0.1545084971874739
 0.1779308583303318 0.1779308583303318
 0.1779308583303318 0.2033159755504711
 0.1779308583303318 0.2308283246407208
 0.1779308583303318 0.2606461642000062
 0.1779308583303318 0.292962690610264
 0.1779308583303318 0.32798728979856
 0.1779308583303318 0.365946893894853
 0.1779308583303318 0.4070874515754908
 0.1779308583303318 0.451675521619118
 0.1779308583303318 0.5000000000000003
 0.1779308583303318 0.5483244783808826
 0.1779308583303318 0.5929125484245099
 0.1779308583303318 0.6340531061051475
 0.1779308583303318 0.6720127102014405
 0.1779308583303318 0.7070373093897365
 0.1779308583303318 0.7393538357999943
 0.1779308583303318 0.7691716753592795
 0.1779308583303318 0.7966840244495292
 0.1779308583303318 0.8220691416696685
 0.1779308583303318 0.8454915028125265
 0.1779308583303318 0.8671028665399009
 0.1779308583303318 0.8870432576605154
 0.1779308583303318 0.9054418743817467
 0.1779308583303318 0.9224179254134048
 0.1779308583303318 0.9380814023473475
 0.1779308583303318 0.9525337923173482
 0.1779308583303318 0.9658687355566973
 0.1779308583303318 0.9781726321139977
 0.1779308583303318 0.9895252016582041
 0.1779308583303318 1
 0.2033159755504711 0
 0.2033159755504711 0.01047479834179603
 0.2033159755504711 0.02182736788600239
 0.2033159755504711 0.03413126444330297
 0.2033159755504711 0.0474662076826519
 0.2033159755504711 0.06191859765265262
 0.2033159755504711 0.07758207458659537
 0.2033159755504711 0.0945581256182535
 0.2033159755504711 0.1129567423394849
 0.2033159755504711 0.1328971334600995
 0.2033159755504711 0.1545084971874739
 0.2033159755504711 0.1779308583303318
 0.2033159755504711 0.2033159755504711
 0.2033159755504711 0.2308283246407208
 0.2033159755504711 0.2606461642000062
 0.2033159755504711 0.292962690610264
 0.2033159755504711 0.32798728979856
 0.2033159755504711 0.365946893894853
 0.2033159755504711 0.4070874515754908
 0.2033159755504711 0.451675521619118
 0.2033159755504711 0.5000000000000003
 0.2033159755504711 0.5483244783808826
 0.2033159755504711 0.5929125484245099
 0.2033159755504711 0.6340531061051475
 0.2033159755504711 0.6720127102014405
 0.2033159755504711 0.7070373093897365
 0.2033159755504711 0.7393538357999943
 0.2033159755504711 0.7691716753592795
 0.2033159755504711 0.7966840244495292
 0.2033159755504711 0.8220691416696685
 0.2033159755504711 0.8454915028125265
 0.2033159755504711 0.8671028665399009
 0.2033159755504711 0.8870432576605154
 0.2033159755504711 0.9054418743817467
 0.2033159755504711 0.9224179254134048
 0.2033159755504711 0.9380814023473475
 0.2033159755504711 0.9525337923173482
 0.2033159755504711 0.9658687355566973
 0.2033159755504711 0.9781726321139977
 0.2033159755504711 0.9895252016582041
 0.2033159755504711 1
 0.2308283246407208 0
 0.2308283246407208 0.01047479834179603
 0.2308283246407208 0.02182736788600239
 0.2308283246407208 0.03413126444330297
 0.2308283246407208 0.0474662076826519
 0.2308283246407208 0.06191859765265262
 0.2308283246407208 0.07758207458659537
 0.2308283246407208 0.0945581256182535
 0.2308283246407208 0.1129567423394849
 0.2308283246407208 0.1328971334600995
 0.2308283246407208 0.1545084971874739
 0.2308283246407208 0.1779308583303318
 0.2308283246407208 0.2033159755504711
 0.2308283246407208 0.2308283246407208
 0.2308283246407208 0.2606461642000062
 0.2308283246407208 0.292962690610264
 0.2308283246407208 0.32798728979856
 0.2308283246407208 0.365946893894853
 0.2308283246407208 0.4070874515754908
 0.2308283246407208 0.451675521619118
 0.2308283246407208 0.5000000000000003
 0.2308283246407208 0.5483244783808826
 0.2308283246407208 0.5929125484245099
 0.2308283246407208 0.6340531061051475
 0.2308283246407208 0.6720127102014405
 0.2308283246407208 0.7070373093897365
 0.2308283246407208 0.7393538357999943
 0.2308283246407208 0.7691716753592795
 0.2308283246407208 0.7966840244495292
 0.2308283246407208 0.8220691416696685
 0.2308283246407208 0.8454915028125265
 0.2308283246407208 0.8671028665399009
 0.2308283246407208 0.8870432576605154
 0.2308283246407208 0.9054418743817467
 0.2308283246407208 0.9224179254134048
 0.2308283246407208 0.9380814023473475
 0.2308283246407208 0.9525337923173482
 0.2308283246407208 0.9658687355566973
 0.2308283246407208 0.9781726321139977
 0.2308283246407208 0.9895252016582041
 0.2308283246407208 1
 0.2606461642000062 0
 0.2606461642000062 0.01047479834179603
 0.2606461642000062 0.02182736788600239
 0.2606461642000062 0.03413126444330297
 0.2606461642000062 0.0474662076826519
 0.2606461642000062 0.06191859765265262
 0.2606461642000062 0.07758207458659537
 0.2606461642000062 0.0945581256182535
 0.2606461642000062 0.1129567423394849
 0.2606461642000062 0.1328971334600995
 0.2606461642000062 0.1545084971874739
 0.2606461642000062 0.1779308583303318
 0.2606461642000062 0.2033159755504711
 0.2606461642000062 0.2308283246407208
 0.2606461642000062 0.2606461642000062
 0.2606461642000062 0.292962690610264
 0.2606461642000062 0.32798728979856
 0.2606461642000062 0.365946893894853
 0.2606461642000062 0.4070874515754908
 0.2606461642000062 0.451675521619118
 0.2606461642000062 0.5000000000000003
 0.2606461642000062 0.5483244783808826
 0.2606461642000062 0.5929125484245099
 0.2606461642000062 0.6340531061051475
 0.2606461642000062 0.6720127102014405
 0.2606461642000062 0.7070373093897365
 0.2606461642000062 0.7393538357999943
 0.2606461642000062 0.7691716753592795
 0.2606461642000062 0.7966840244495292
 0.2606461642000062 0.8220691416696685
 0.2606461642000062 0.8454915028125265
 0.2606461642000062 0.8671028665399009
 0.2606461642000062 0.8870432576605154
 0.2606461642000062 0.9054418743817467
 0.2606461642000062 0.9224179254134048
 0.2606461642000062 0.9380814023473475
 0.2606461642000062 0.9525337923173482
 0.2606461642000062 0.9658687355566973
 0.2606461642000062 0.9781726321139977
 0.2606461642000062 0.9895252016582041
 0.2606461642000062 1
 0.292962690610264 0
 0.292962690610264 0.01047479834179603
 0.292962690610264 0.02182736788600239
 0.292962690610264 0.03413126444330297
 0.292962690610264 0.0474662076826519
 0.292962690610264 0.06191859765265262
 0.292962690610264 0.07758207458659537
 0.292962690610264 0.0945581256182535
 0.292962690610264 0.1129567423394849
 0.292962690610264 0.1328971334600995
 0.292962690610264 0.1545084971874739
 0.292962690610264 0.1779308583303318
 0.292962690610264 0.2033159755504711
 0.292962690610264 0.2308283246407208
 0.292962690610264 0.2606461642000062
 0.292962690610264 0.292962690610264
 0.292962690610264 0.32798728979856
 0.292962690610264 0.365946893894853
 0.292962690610264 0.4070874515754908
 0.292962690610264 0.451675521619118
 0.292962690610264 0.5000000000000003
 0.292962690610264 0.5483244783808826
 0.292962690610264 0.5929125484245099
 0.292962690610264 0.6340531061051475
 0.292962690610264 0.6720127102014405
 0.292962690610264 0.7070373093897365
 0.292962690610264 0.7393538357999943
 0.292962690610264 0.7691716753592795
 0.292962690610264 0.7966840244495292
 0.292962690610264 0.8220691416696685
 0.292962690610264 0.8454915028125265
 0.292962690610264 0.8671028665399009
 0.292962690610264 0.8870432576605154
 0.292962690610264 0.9054418743817467
 0.292962690610264 0.9224179254134048
 0.292962690610264 0.9380814023473475
 0.292962690610264 0.9525337923173482
 0.292962690610264 0.9658687355566973
 0.292962690610264 0.9781726321139977
 0.292962690610264 0.9895252016582041
 0.292962690610264 1
 0.32798728979856 0
 0.32798728979856 0.01047479834179603
 0.32798728979856 0.02182736788600239
 0.32798728979856 0.03413126444330297
 0.32798728979856 0.0474662076826519
 0.32798728979856 0.06191859765265262
 0.32798728979856 0.07758207458659537
 0.32798728979856 0.0945581256182535
 0.32798728979856 0.1129567423394849
 0.32798728979856 0.1328971334600995
 0.32798728979856 0.1545084971874739
 0.32798728979856 0.1779308583303318
 0.32798728979856 0.2033159755504711
 0.32798728979856 0.2308283246407208
 0.32798728979856 0.2606461642000062
 0.32798728979856 0.292962690610264
 0.32798728979856 0.32798728979856
 0.32798728979856 0.365946893894853
 0.32798728979856 0.4070874515754908
 0.32798728979856 0.451675521619118
 0.32798728979856 0.5000000000000003
 0.32798728979856 0.5483244783808826
 0.32798728979856 0.5929125484245099
 0.32798728979856 0.6340531061051475
 0.32798728979856 0.6720127102014405
 0.32798728979856 0.7070373093897365
 0.32798728979856 0.7393538357999943
 0.32798728979856 0.7691716753592795
 0.32798728979856 0.7966840244495292
 0.32798728979856 0.8220691416696685
 0.32798728979856 0.8454915028125265
 0.32798728979856 0.8671028665399009
 0.32798728979856 0.8870432576605154
 0.32798728979856 0.9054418743817467
 0.32798728979856 0.9224179254134048
 0.32798728979856 0.9380814023473475
 0.32798728979856 0.9525337923173482
 0.32798728979856 0.9658687355566973
 0.32798728979856 0.9781726321139977
 0.32798728979856 0.9895252016582041
 0.32798728979856 1
 0.365946893894853 0
 0.365946893894853 0.01047479834179603
 0.365946893894853 0.02182736788600239
 0.365946893894853 0.03413126444330297
 0.365946893894853 0.0474662076826519
 0.365946893894853 0.06191859765265262
 0.365946893894853 0.07758207458659537
 0.365946893894853 0.0945581256182535
 0.365946893894853 0.1129567423394849
 0.365946893894853 0.1328971334600995
 0.365946893894853 0.1545084971874739
 0.365946893894853 0.1779308583303318
 0.365946893894853 0.2033159755504711
 0.365946893894853 0.2308283246407208
 0.365946893894853 0.2606461642000062
 0.365946893894853 0.292962690610264
 0.365946893894853 0.32798728979856
 0.365946893894853 0.365946893894853
 0.365946893894853 0.4070874515754908
 0.365946893894853 0.451675521619118
 0.365946893894853 0.5000000000000003
 0.365946893894853 0.5483244783808826
 0.365946893894853 0.5929125484245099
 0.365946893894853 0.6340531061051475
 0.365946893894853 0.6720127102014405
 0.365946893894853 0.7070373093897365
 0.365946893894853 0.7393538357999943
 0.365946893894853 0.7691716753592795
 0.365946893894853 0.7966840244495292
 0.365946893894853 0.8220691416696685
 0.365946893894853 0.8454915028125265
 0.365946893894853 0.8671028665399009
 0.365946893894853 0.8870432576605154
 0.365946893894853 0.9054418743817467
 0.365946893894853 0.9224179254134048
 0.365946893894853 0.9380814023473475
 0.365946893894853 0.9525337923173482
 0.365946893894853 0.9658687355566973
 0.365946893894853 0.9781726321139977
 0.365946893894853 0.9895252016582041
 0.365946893894853 1
 0.4070874515754908 0
 0.4070874515754908 0.01047479834179603
 0.4070874515754908 0.02182736788600239
 0.4070874515754908 0.03413126444330297
 0.4070874515754908 0.0474662076826519
 0.4070874515754908 0.06191859765265262
 0.4070874515754908 0.07758207458659537
 0.4070874515754908 0.0945581256182535
 0.4070874515754908 0.1129567423394849
 0.4070874515754908 0.1328971334600995
 0.4070874515754908 0.1545084971874739
 0.4070874515754908 0.1779308583303318
 0.4070874515754908 0.2033159755504711
 0.4070874515754908 0.2308283246407208
 0.4070874515754908 0.2606461642000062
 0.4070874515754908 0.292962690610264
 0.4070874515754908 0.32798728979856
 0.4070874515754908 0.365946893894853
 0.4070874515754908 0.4070874515754908
 0.4070874515754908 0.451675521619118
 0.4070874515754908 0.5000000000000003
 0.4070874515754908 0.5483244783808826
 0.4070874515754908 0.5929125484245099
 0.4070874515754908 0.6340531061051475
 0.4070874515754908 0.6720127102014405
 0.4070874515754908 0.7070373093897365
 0.4070874515754908 0.7393538357999943
 0.4070874515754908 0.7691716753592795
 0.4070874515754908 0.7966840244495292
 0.4070874515754908 0.8220691416696685
 0.4070874515754908 0.8454915028125265
 0.4070874515754908 0.8671028665399009
 0.4070874515754908 0.8870432576605154
 0.4070874515754908 0.9054418743817467
 0.4070874515754908 0.9224179254134048
 0.4070874515754908 0.9380814023473475
 0.4070874515754908 0.9525337923173482
 0.4070874515754908 0.9658687355566973
 0.4070874515754908 0.9781726321139977
 0.4070874515754908 0.9895252016582041
 0.4070874515754908 1
 0.451675521619118 0
 0.451675521619118 0.01047479834179603
 0.451675521619118 0.02182736788600239
 0.451675521619118 0.03413126444330297
 0.451675521619118 0.0474662076826519
 0.451675521619118 0.06191859765265262
 0.451675521619118 0.07758207458659537
 0.451675521619118 0.0945581256182535
 0.451675521619118 0.1129567423394849
 0.451675521619118 0.1328971334600995
 0.451675521619118 0.1545084971874739
 0.451675521619118 0.1779308583303318
 0.451675521619118 0.2033159755504711
 0.451675521619118 0.2308283246407208
 0.451675521619118 0.2606461642000062
 0.451675521619118 0.292962690610264
 0.451675521619118 0.32798728979856
 0.451675521619118 0.365946893894853
 0.451675521619118 0.4070874515754908
 0.451675521619118 0.451675521619118
 0.451675521619118 0.5000000000000003
 0.451675521619118 0.5483244783808826
 0.451675521619118 0.5929125484245099
 0.451675521619118 0.6340531061051475
 0.451675521619118 0.6720127102014405
 0.451675521619118 0.7070373093897365
 0.451675521619118 0.7393538357999943
 0.451675521619118 0.7691716753592795
 0.451675521619118 0.7966840244495292
 0.451675521619118 0.8220691416696685
 0.451675521619118 0.8454915028125265
 0.451675521619118 0.8671028665399009
 0.451675521619118 0.8870432576605154
 0.451675521619118 0.9054418743817467
 0.451675521619118 0.9224179254134048
 0.451675521619118 0.9380814023473475
 0.451675521619118 0.9525337923173482
 0.451675521619118 0.9658687355566973
 0.451675521619118 0.9781726321139977
 0.451675521619118 0.9895252016582041
 0.451675521619118 1
 0.5000000000000003 0
 0.5000000000000003 0.01047479834179603
 0.5000000000000003 0.02182736788600239
 0.5000000000000003 0.03413126444330297
 0.5000000000000003 0.0474662076826519
 0.5000000000000003 0.06191859765265262
 0.5000000000000003 0.07758207458659537
 0.5000000000000003 0.0945581256182535
 0.5000000000000003 0.1129567423394849
 0.5000000000000003 0.1328971334600995
 0.5000000000000003 0.1545084971874739
 0.5000000000000003 0.1779308583303318
 0.5000000000000003 0.2033159755504711
 0.5000000000000003 0.2308283246407208
 0.5000000000000003 0.2606461642000062
 0.5000000000000003 0.292962690610264
 0.5000000000000003 0.32798728979856
 0.5000000000000003 0.365946893894853
 0.5000000000000003 0.4070874515754908
 0.5000000000000003 0.451675521619118
 0.5000000000000003 0.5000000000000003
 0.5000000000000003 0.5483244783808826
 0.5000000000000003 0.5929125484245099
 0.5000000000000003 0.6340531061051475
 0.5000000000000003 0.6720127102014405
 0.5000000000000003 0.7070373093897365
 0.5000000000000003 0.7393538357999943
 0.5000000000000003 0.7691716753592795
 0.5000000000000003 0.7966840244495292
 0.5000000000000003 0.8220691416696685
 0.5000000000000003 0.8454915028125265
 0.5000000000000003 0.8671028665399009
 0.5000000000000003 0.8870432576605154
 0.5000000000000003 0.9054418743817467
 0.5000000000000003 0.9224179254134048
 0.5000000000000003 0.9380814023473475
 0.5000000000000003 0.9525337923173482
 0.5000000000000003 0.9658687355566973
 0.5000000000000003 0.9781726321139977
 0.5000000000000003 0.9895252016582041
 0.5000000000000003 1
 0.5483244783808826 0
 0.5483244783808826 0.01047479834179603
 0.5483244783808826 0.02182736788600239
 0.5483244783808826 0.03413126444330297
 0.5483244783808826 0.0474662076826519
 0.5483244783808826 0.06191859765265262
 0.5483244783808826 0.07758207458659537
 0.5483244783808826 0.0945581256182535
 0.5483244783808826 0.1129567423394849
 0.5483244783808826 0.1328971334600995
 0.5483244783808826 0.1545084971874739
 0.5483244783808826 0.1779308583303318
 0.5483244783808826 0.2033159755504711
 0.5483244783808826 0.2308283246407208
 0.5483244783808826 0.2606461642000062
 0.5483244783808826 0.292962690610264
 0.5483244783808826 0.32798728979856
 0.5483244783808826 0.365946893894853
 0.5483244783808826 0.4070874515754908
 0.5483244783808826 0.451675521619118
 0.5483244783808826 0.5000000000000003
 0.5483244783808826 0.5483244783808826
 0.5483244783808826 0.5929125484245099
 0.5483244783808826 0.6340531061051475
 0.5483244783808826 0.6720127102014405
 0.5483244783808826 0.7070373093897365
 0.5483244783808826 0.7393538357999943
 0.5483244783808826 0.7691716753592795
 0.5483244783808826 0.7966840244495292
 0.5483244783808826 0.8220691416696685
 0.5483244783808826 0.8454915028125265
 0.5483244783808826 0.8671028665399009
 0.5483244783808826 0.8870432576605154
 0.5483244783808826 0.9054418743817467
 0.5483244783808826 0.9224179254134048
 0.5483244783808826 0.9380814023473475
 0.5483244783808826 0.9525337923173482
 0.5483244783808826 0.9658687355566973
 0.5483244783808826 0.9781726321139977
 0.5483244783808826 0.9895252016582041
 0.5483244783808826 1
 0.5929125484245099 0
 0.5929125484245099 0.01047479834179603
 0.5929125484245099 0.02182736788600239
 0.5929125484245099 0.03413126444330297
 0.5929125484245099 0.0474662076826519
 0.5929125484245099 0.06191859765265262
 0.5929125484245099 0.07758207458659537
 0.5929125484245099 0.0945581256182535
 0.5929125484245099 0.1129567423394849
 0.5929125484245099 0.1328971334600995
 0.5929125484245099 0.1545084971874739
 0.5929125484245099 0.1779308583303318
 0.5929125484245099 0.2033159755504711
 0.5929125484245099 0.2308283246407208
 0.5929125484245099 0.2606461642000062
 0.5929125484245099 0.292962690610264
 0.5929125484245099 0.32798728979856
 0.5929125484245099 0.365946893894853
 0.5929125484245099 0.4070874515754908
 0.5929125484245099 0.451675521619118
 0.5929125484245099 0.5000000000000003
 0.5929125484245099 0.5483244783808826
 0.5929125484245099 0.5929125484245099
 0.5929125484245099 0.6340531061051475
 0.5929125484245099 0.6720127102014405
 0.5929125484245099 0.7070373093897365
 0.5929125484245099 0.7393538357999943
 0.5929125484245099 0.7691716753592795
 0.5929125484245099 0.7966840244495292
 0.5929125484245099 0.8220691416696685
 0.5929125484245099 0.8454915028125265
 0.5929125484245099 0.8671028665399009
 0.5929125484245099 0.8870432576605154
 0.5929125484245099 0.9054418743817467
 0.5929125484245099 0.9224179254134048
 0.5929125484245099 0.9380814023473475
 0.5929125484245099 0.9525337923173482
 0.5929125484245099 0.9658687355566973
 0.5929125484245099 0.9781726321139977
 0.5929125484245099 0.9895252016582041
 0.5929125484245099 1
 0.6340531061051475 0
 0.6340531061051475 0.01047479834179603
 0.6340531061051475 0.02182736788600239
 0.6340531061051475 0.03413126444330297
 0.6340531061051475 0.0474662076826519
 0.6340531061051475 0.06191859765265262
 0.6340531061051475 0.07758207458659537
 0.6340531061051475 0.0945581256182535
 0.6340531061051475 0.1129567423394849
 0.6340531061051475 0.1328971334600995
 0.6340531061051475 0.1545084971874739
 0.6340531061051475 0.1779308583303318
 0.6340531061051475 0.2033159755504711
 0.6340531061051475 0.2308283246407208
 0.6340531061051475 0.2606461642000062
 0.6340531061051475 0.292962690610264
 0.6340531061051475 0.32798728979856
 0.6340531061051475 0.365946893894853
 0.6340531061051475 0.4070874515754908
 0.6340531061051475 0.451675521619118
 0.6340531061051475 0.5000000000000003
 0.6340531061051475 0.5483244783808826
 0.6340531061051475 0.5929125484245099
 0.6340531061051475 0.6340531061051475
 0.6340531061051475 0.6720127102014405
 0.6340531061051475 0.7070373093897365
 0.6340531061051475 0.7393538357999943
 0.6340531061051475 0.7691716753592795
 0.6340531061051475 0.7966840244495292
 0.6340531061051475 0.8220691416696685
 0.6340531061051475 0.8454915028125265
 0.6340531061051475 0.8671028665399009
 0.6340531061051475 0.8870432576605154
 0.6340531061051475 0.9054418743817467
 0.6340531061051475 0.9224179254134048
 0.6340531061051475 0.9380814023473475
 0.6340531061051475 0.9525337923173482
 0.6340531061051475 0.9658687355566973
 0.6340531061051475 0.9781726321139977
 0.6340531061051475 0.9895252016582041
 0.6340531061051475 1
 0.6720127102014405 0
 0.6720127102014405 0.01047479834179603
 0.6720127102014405 0.02182736788600239
 0.6720127102014405 0.03413126444330297
 0.6720127102014405 0.0474662076826519
 0.6720127102014405 0.06191859765265262
 0.6720127102014405 0.07758207458659537
 0.6720127102014405 0.0945581256182535
 0.6720127102014405 0.1129567423394849
 0.6720127102014405 0.1328971334600995
 0.6720127102014405 0.1545084971874739
 0.6720127102014405 0.1779308583303318
 0.6720127102014405 0.2033159755504711
 0.6720127102014405 0.2308283246407208
 0.6720127102014405 0.2606461642000062
 0.6720127102014405 0.292962690610264
 0.6720127102014405 0.32798728979856
 0.6720127102014405 0.365946893894853
 0.6720127102014405 0.4070874515754908
 0.6720127102014405 0.451675521619118
 0.6720127102014405 0.5000000000000003
 0.6720127102014405 0.5483244783808826
 0.6720127102014405 0.5929125484245099
 0.6720127102014405 0.6340531061051475
 0.6720127102014405 0.6720127102014405
 0.6720127102014405 0.7070373093897365
 0.6720127102014405 0.7393538357999943
 0.6720127102014405 0.7691716753592795
 0.6720127102014405 0.7966840244495292
 0.6720127102014405 0.8220691416696685
 0.6720127102014405 0.8454915028125265
 0.6720127102014405 0.8671028665399009
 0.6720127102014405 0.8870432576605154
 0.6720127102014405 0.9054418743817467
 0.6720127102014405 0.9224179254134048
 0.6720127102014405 0.9380814023473475
 0.6720127102014405 0.9525337923173482
 0.6720127102014405 0.9658687355566973
 0.6720127102014405 0.9781726321139977
 0.6720127102014405 0.9895252016582041
 0.6720127102014405 1
 0.7070373093897365 0
 0.7070373093897365 0.01047479834179603
 0.7070373093897365 0.02182736788600239
 0.7070373093897365 0.03413126444330297
 0.7070373093897365 0.0474662076826519
 0.7070373093897365 0.06191859765265262
 0.7070373093897365 0.07758207458659537
 0.7070373093897365 0.0945581256182535
 0.7070373093897365 0.1129567423394849
 0.7070373093897365 0.1328971334600995
 0.7070373093897365 0.1545084971874739
 0.7070373093897365 0.1779308583303318
 0.7070373093897365 0.2033159755504711
 0.7070373093897365 0.2308283246407208
 0.7070373093897365 0.2606461642000062
 0.7070373093897365 0.292962690610264
 0.7070373093897365 0.32798728979856
 0.7070373093897365 0.365946893894853
 0.7070373093897365 0.4070874515754908
 0.7070373093897365 0.451675521619118
 0.7070373093897365 0.5000000000000003
 0.7070373093897365 0.5483244783808826
 0.7070373093897365 0.5929125484245099
 0.7070373093897365 0.6340531061051475
 0.7070373093897365 0.6720127102014405
 0.7070373093897365 0.7070373093897365
 0.7070373093897365 0.7393538357999943
 0.7070373093897365 0.7691716753592795
 0.7070373093897365 0.7966840244495292
 0.7070373093897365 0.8220691416696685
 0.7070373093897365 0.8454915028125265
 0.7070373093897365 0.8671028665399009
 0.7070373093897365 0.8870432576605154
 0.7070373093897365 0.9054418743817467
 0.7070373093897365 0.9224179254134048
 0.7070373093897365 0.9380814023473475
 0.7070373093897365 0.9525337923173482
 0.7070373093897365 0.9658687355566973
 0.7070373093897365 0.9781726321139977
 0.7070373093897365 0.9895252016582041
 0.7070373093897365 1
 0.7393538357999943 0
 0.7393538357999943 0.01047479834179603
 0.7393538357999943 0.02182736788600239
 0.7393538357999943 0.03413126444330297
 0.7393538357999943 0.0474662076826519
 0.7393538357999943 0.06191859765265262
 0.7393538357999943 0.07758207458659537
 0.7393538357999943 0.0945581256182535
 0.7393538357999943 0.1129567423394849
 0.7393538357999943 0.1328971334600995
 0.7393538357999943 0.1545084971874739
 0.7393538357999943 0.1779308583303318
 0.7393538357999943 0.2033159755504711
 0.7393538357999943 0.2308283246407208
 0.7393538357999943 0.2606461642000062
 0.7393538357999943 0.292962690610264
 0.7393538357999943 0.32798728979856
 0.7393538357999943 0.365946893894853
 0.7393538357999943 0.4070874515754908
 0.7393538357999943 0.451675521619118
 0.7393538357999943 0.5000000000000003
 0.7393538357999943 0.5483244783808826
 0.7393538357999943 0.5929125484245099
 0.7393538357999943 0.6340531061051475
 0.7393538357999943 0.6720127102014405
 0.7393538357999943 0.7070373093897365
 0.7393538357999943 0.7393538357999943
 0.7393538357999943 0.7691716753592795
 0.7393538357999943 0.7966840244495292
 0.7393538357999943 0.8220691416696685
 0.7393538357999943 0.8454915028125265
 0.7393538357999943 0.8671028665399009
 0.7393538357999943 0.8870432576605154
 0.7393538357999943 0.9054418743817467
 0.7393538357999943 0.9224179254134048
 0.7393538357999943 0.9380814023473475
 0.7393538357999943 0.9525337923173482
 0.7393538357999943 0.9658687355566973
 0.7393538357999943 0.9781726321139977
 0.7393538357999943 0.9895252016582041
 0.7393538357999943 1
 0.7691716753592795 0
 0.7691716753592795 0.01047479834179603
 0.7691716753592795 0.02182736788600239
 0.7691716753592795 0.03413126444330297
 0.7691716753592795 0.0474662076826519
 0.7691716753592795 0.06191859765265262
 0.7691716753592795 0.07758207458659537
 0.7691716753592795 0.0945581256182535
 0.7691716753592795 0.1129567423394849
 0.7691716753592795 0.1328971334600995
 0.7691716753592795 0.1545084971874739
 0.7691716753592795 0.1779308583303318
 0.7691716753592795 0.2033159755504711
 0.7691716753592795 0.2308283246407208
 0.7691716753592795 0.2606461642000062
 0.7691716753592795 0.292962690610264
 0.7691716753592795 0.32798728979856
 0.7691716753592795 0.365946893894853
 0.7691716753592795 0.4070874515754908
 0.7691716753592795 0.451675521619118
 0.7691716753592795 0.5000000000000003
 0.7691716753592795 0.5483244783808826
 0.7691716753592795 0.5929125484245099
 0.7691716753592795 0.6340531061051475
 0.7691716753592795 0.6720127102014405
 0.7691716753592795 0.7070373093897365
 0.7691716753592795 0.7393538357999943
 0.7691716753592795 0.7691716753592795
 0.7691716753592795 0.7966840244495292
 0.7691716753592795 0.8220691416696685
 0.7691716753592795 0.8454915028125265
 0.7691716753592795 0.8671028665399009
 0.7691716753592795 0.8870432576605154
 0.7691716753592795 0.9054418743817467
 0.7691716753592795 0.9224179254134048
 0.7691716753592795 0.9380814023473475
 0.7691716753592795 0.9525337923173482
 0.7691716753592795 0.9658687355566973
 0.7691716753592795 0.9781726321139977
 0.7691716753592795 0.9895252016582041
 0.7691716753592795 1
 0.7966840244495292 0
 0.7966840244495292 0.01047479834179603
 0.7966840244495292 0.02182736788600239
 0.7966840244495292 0.03413126444330297
 0.7966840244495292 0.0474662076826519
 0.7966840244495292 0.06191859765265262
 0.7966840244495292 0.07758207458659537
 0.7966840244495292 0.0945581256182535
 0.7966840244495292 0.1129567423394849
 0.7966840244495292 0.1328971334600995
 0.7966840244495292 0.1545084971874739
 0.7966840244495292 0.1779308583303318
 0.7966840244495292 0.2033159755504711
 0.7966840244495292 0.2308283246407208
 0.7966840244495292 0.2606461642000062
 0.7966840244495292 0.292962690610264
 0.7966840244495292 0.32798728979856
 0.7966840244495292 0.365946893894853
 0.7966840244495292 0.4070874515754908
 0.7966840244495292 0.451675521619118
 0.7966840244495292 0.5000000000000003
 0.7966840244495292 0.5483244783808826
 0.7966840244495292 0.5929125484245099
 0.7966840244495292 0.6340531061051475
 0.7966840244495292 0.6720127102014405
 0.7966840244495292 0.7070373093897365
 0.7966840244495292 0.7393538357999943
 0.7966840244495292 0.7691716753592795
 0.7966840244495292 0.7966840244495292
 0.7966840244495292 0.8220691416696685
 0.7966840244495292 0.8454915028125265
 0.7966840244495292 0.8671028665399009
 0.7966840244495292 0.8870432576605154
 0.7966840244495292 0.9054418743817467
 0.7966840244495292 0.9224179254134048
 0.7966840244495292 0.9380814023473475
 0.7966840244495292 0.9525337923173482
 0.7966840244495292 0.9658687355566973
 0.7966840244495292 0.9781726321139977
 0.7966840244495292 0.9895252016582041
 0.7966840244495292 1
 0.8220691416696685 0
 0.8220691416696685 0.01047479834179603
 0.8220691416696685 0.02182736788600239
 0.8220691416696685 0.03413126444330297
 0.8220691416696685 0.0474662076826519
 0.8220691416696685 0.06191859765265262
 0.8220691416696685 0.07758207458659537
 0.8220691416696685 0.0945581256182535
 0.8220691416696685 0.1129567423394849
 0.8220691416696685 0.1328971334600995
 0.8220691416696685 0.1545084971874739
 0.8220691416696685 0.1779308583303318
 0.8220691416696685 0.2033159755504711
 0.8220691416696685 0.2308283246407208
 0.8220691416696685 0.2606461642000062
 0.8220691416696685 0.292962690610264
 0.8220691416696685 0.32798728979856
 0.8220691416696685 0.365946893894853
 0.8220691416696685 0.4070874515754908
 0.8220691416696685 0.451675521619118
 0.8220691416696685 0.5000000000000003
 0.8220691416696685 0.5483244783808826
 0.8220691416696685 0.5929125484245099
 0.8220691416696685 0.6340531061051475
 0.8220691416696685 0.6720127102014405
 0.8220691416696685 0.7070373093897365
 0.8220691416696685 0.7393538357999943
 0.8220691416696685 0.7691716753592795
 0.8220691416696685 0.7966840244495292
 0.8220691416696685 0.8220691416696685
 0.8220691416696685 0.8454915028125265
 0.8220691416696685 0.8671028665399009
 0.8220691416696685 0.8870432576605154
 0.8220691416696685 0.9054418743817467
 0.8220691416696685 0.9224179254134048
 0.8220691416696685 0.9380814023473475
 0.8220691416696685 0.9525337923173482
 0.8220691416696685 0.9658687355566973
 0.8220691416696685 0.9781726321139977
 0.8220691416696685 0.9895252016582041
 0.8220691416696685 1
 0.8454915028125265 0
 0.8454915028125265 0.01047479834179603
 0.8454915028125265 0.02182736788600239
 0.8454915028125265 0.03413126444330297
 0.8454915028125265 0.0474662076826519
 0.8454915028125265 0.06191859765265262
 0.8454915028125265 0.07758207458659537
 0.8454915028125265 0.0945581256182535
 0.8454915028125265 0.1129567423394849
 0.8454915028125265 0.1328971334600995
 0.8454915028125265 0.1545084971874739
 0.8454915028125265 0.1779308583303318
 0.8454915028125265 0.2033159755504711
 0.8454915028125265 0.2308283246407208
 0.8454915028125265 0.2606461642000062
 0.8454915028125265 0.292962690610264
 0.8454915028125265 0.32798728979856
 0.8454915028125265 0.365946893894853
 0.8454915028125265 0.4070874515754908
 0.8454915028125265 0.451675521619118
 0.8454915028125265 0.5000000000000003
 0.8454915028125265 0.5483244783808826
 0.8454915028125265 0.5929125484245099
 0.8454915028125265 0.6340531061051475
 0.8454915028125265 0.6720127102014405
 0.8454915028125265 0.7070373093897365
 0.8454915028125265 0.7393538357999943
 0.8454915028125265 0.7691716753592795
 0.8454915028125265 0.7966840244495292
 0.8454915028125265 0.8220691416696685
 0.8454915028125265 0.8454915028125265
 0.8454915028125265 0.8671028665399009
 0.8454915028125265 0.8870432576605154
 0.8454915028125265 0.9054418743817467
 0.8454915028125265 0.9224179254134048
 0.8454915028125265 0.9380814023473475
 0.8454915028125265 0.9525337923173482
 0.8454915028125265 0.9658687355566973
 0.8454915028125265 0.9781726321139977
 0.8454915028125265 0.9895252016582041
 0.8454915028125265 1
 0.8671028665399009 0
 0.8671028665399009 0.01047479834179603
 0.8671028665399009 0.02182736788600239
 0.8671028665399009 0.03413126444330297
 0.8671028665399009 0.0474662076826519
 0.8671028665399009 0.06191859765265262
 0.8671028665399009 0.07758207458659537
 0.8671028665399009 0.0945581256182535
 0.8671028665399009 0.1129567423394849
 0.8671028665399009 0.1328971334600995
 0.8671028665399009 0.1545084971874739
 0.8671028665399009 0.1779308583303318
 0.8671028665399009 0.2033159755504711
 0.8671028665399009 0.2308283246407208
 0.8671028665399009 0.2606461642000062
 0.8671028665399009 0.292962690610264
 0.8671028665399009 0.32798728979856
 0.8671028665399009 0.365946893894853
 0.8671028665399009 0.4070874515754908
 0.8671028665399009 0.451675521619118
 0.8671028665399009 0.5000000000000003
 0.8671028665399009 0.5483244783808826
 0.8671028665399009 0.5929125484245099
 0.8671028665399009 0.6340531061051475
 0.8671028665399009 0.6720127102014405
 0.8671028665399009 0.7070373093897365
 0.8671028665399009 0.7393538357999943
 0.8671028665399009 0.7691716753592795
 0.8671028665399009 0.7966840244495292
 0.8671028665399009 0.8220691416696685
 0.8671028665399009 0.8454915028125265
 0.8671028665399009 0.8671028665399009
 0.8671028665399009 0.8870432576605154
 0.8671028665399009 0.9054418743817467
 0.8671028665399009 0.9224179254134048
 0.8671028665399009 0.9380814023473475
 0.8671028665399009 0.9525337923173482
 0.8671028665399009 0.9658687355566973
 0.8671028665399009 0.9781726321139977
 0.8671028665399009 0.9895252016582041
 0.8671028665399009 1
 0.8870432576605154 0
 0.8870432576605154 0.01047479834179603
 0.8870432576605154 0.02182736788600239
 0.8870432576605154 0.03413126444330297
 0.8870432576605154 0.0474662076826519
 0.8870432576605154 0.06191859765265262
 0.8870432576605154 0.07758207458659537
 0.8870432576605154 0.0945581256182535
 0.8870432576605154 0.1129567423394849
 0.8870432576605154 0.1328971334600995
 0.8870432576605154 0.1545084971874739
 0.8870432576605154 0.1779308583303318
 0.8870432576605154 0.2033159755504711
 0.8870432576605154 0.2308283246407208
 0.8870432576605154 0.2606461642000062
 0.8870432576605154 0.292962690610264
 0.8870432576605154 0.32798728979856
 0.8870432576605154 0.365946893894853
 0.8870432576605154 0.4070874515754908
 0.8870432576605154 0.451675521619118
 0.8870432576605154 0.5000000000000003
 0.8870432576605154 0.5483244783808826
 0.8870432576605154 0.5929125484245099
 0.8870432576605154 0.6340531061051475
 0.8870432576605154 0.6720127102014405
 0.8870432576605154 0.7070373093897365
 0.8870432576605154 0.7393538357999943
 0.8870432576605154 0.7691716753592795
 0.8870432576605154 0.7966840244495292
 0.8870432576605154 0.8220691416696685
 0.8870432576605154 0.8454915028125265
 0.8870432576605154 0.8671028665399009
 0.8870432576605154 0.8870432576605154
 0.8870432576605154 0.9054418743817467
 0.8870432576605154 0.9224179254134048
 0.8870432576605154 0.9380814023473475
 0.8870432576605154 0.9525337923173482
 0.8870432576605154 0.9658687355566973
 0.8870432576605154 0.9781726321139977
 0.8870432576605154 0.9895252016582041
 0.8870432576605154 1
 0.9054418743817467 0
 0.9054418743817467 0.01047479834179603
 0.9054418743817467 0.02182736788600239
 0.9054418743817467 0.03413126444330297
 0.9054418743817467 0.0474662076826519
 0.9054418743817467 0.06191859765265262
 0.9054418743817467 0.07758207458659537
 0.9054418743817467 0.0945581256182535
 0.9054418743817467 0.1129567423394849
 0.9054418743817467 0.1328971334600995
 0.9054418743817467 0.1545084971874739
 0.9054418743817467 0.1779308583303318
 0.9054418743817467 0.2033159755504711
 0.9054418743817467 0.2308283246407208
 0.9054418743817467 0.2606461642000062
 0.9054418743817467 0.292962690610264
 0.9054418743817467 0.32798728979856
 0.9054418743817467 0.365946893894853
 0.9054418743817467 0.4070874515754908
 0.9054418743817467 0.451675521619118
 0.9054418743817467 0.5000000000000003
 0.9054418743817467 0.5483244783808826
 0.9054418743817467 0.5929125484245099
 0.9054418743817467 0.6340531061051475
 0.9054418743817467 0.6720127102014405
 0.9054418743817467 0.7070373093897365
 0.9054418743817467 0.7393538357999943
 0.9054418743817467 0.7691716753592795
 0.9054418743817467 0.7966840244495292
 0.9054418743817467 0.8220691416696685
 0.9054418743817467 0.8454915028125265
 0.9054418743817467 0.8671028665399009
 0.9054418743817467 0.8870432576605154
 0.9054418743817467 0.9054418743817467
 0.9054418743817467 0.9224179254134048
 0.9054418743817467 0.9380814023473475
 0.9054418743817467 0.9525337923173482
 0.9054418743817467 0.9658687355566973
 0.9054418743817467 0.9781726321139977
 0.9054418743817467 0.9895252016582041
 0.9054418743817467 1
 0.9224179254134048 0
 0.9224179254134048 0.01047479834179603
 0.9224179254134048 0.02182736788600239
 0.9224179254134048 0.03413126444330297
 0.9224179254134048 0.0474662076826519
 0.9224179254134048 0.06191859765265262
 0.9224179254134048 0.07758207458659537
 0.9224179254134048 0.0945581256182535
 0.9224179254134048 0.1129567423394849
 0.9224179254134048 0.1328971334600995
 0.9224179254134048 0.1545084971874739
 0.9224179254134048 0.1779308583303318
 0.9224179254134048 0.2033159755504711
 0.9224179254134048 0.2308283246407208
 0.9224179254134048 0.2606461642000062
 0.9224179254134048 0.292962690610264
 0.9224179254134048 0.32798728979856
 0.9224179254134048 0.365946893894853
 0.9224179254134048 0.4070874515754908
 0.9224179254134048 0.451675521619118
 0.9224179254134048 0.5000000000000003
 0.9224179254134048 0.5483244783808826
 0.9224179254134048 0.5929125484245099
 0.9224179254134048 0.6340531061051475
 0.9224179254134048 0.6720127102014405
 0.9224179254134048 0.7070373093897365
 0.9224179254134048 0.7393538357999943
 0.9224179254134048 0.7691716753592795
 0.9224179254134048 0.7966840244495292
 0.9224179254134048 0.8220691416696685
 0.9224179254134048 0.8454915028125265
 0.9224179254134048 0.8671028665399009
 0.9224179254134048 0.8870432576605154
 0.9224179254134048 0.9054418743817467
 0.9224179254134048 0.9224179254134048
 0.9224179254134048 0.9380814023473475
 0.9224179254134048 0.9525337923173482
 0.9224179254134048 0.9658687355566973
 0.9224179254134048 0.9781726321139977
 0.9224179254134048 0.9895252016582041
 0.9224179254134048 1
 0.9380814023473475 0
 0.9380814023473475 0.01047479834179603
 0.9380814023473475 0.02182736788600239
 0.9380814023473475 0.03413126444330297
 0.9380814023473475 0.0474662076826519
 0.9380814023473475 0.06191859765265262
 0.9380814023473475 0.07758207458659537
 0.9380814023473475 0.0945581256182535
 0.9380814023473475 0.1129567423394849
 0.9380814023473475 0.1328971334600995
 0.9380814023473475 0.1545084971874739
 0.9380814023473475 0.1779308583303318
 0.9380814023473475 0.2033159755504711
 0.9380814023473475 0.2308283246407208
 0.9380814023473475 0.2606461642000062
 0.9380814023473475 0.292962690610264
 0.9380814023473475 0.32798728979856
 0.9380814023473475 0.365946893894853
 0.9380814023473475 0.4070874515754908
 0.9380814023473475 0.451675521619118
 0.9380814023473475 0.5000000000000003
 0.9380814023473475 0.5483244783808826
 0.9380814023473475 0.5929125484245099
 0.9380814023473475 0.6340531061051475
 0.9380814023473475 0.6720127102014405
 0.9380814023473475 0.7070373093897365
 0.9380814023473475 0.7393538357999943
 0.9380814023473475 0.7691716753592795
 0.9380814023473475 0.7966840244495292
 0.9380814023473475 0.8220691416696685
 0.9380814023473475 0.8454915028125265
 0.9380814023473475 0.8671028665399009
 0.9380814023473475 0.8870432576605154
 0.9380814023473475 0.9054418743817467
 0.9380814023473475 0.9224179254134048
 0.9380814023473475 0.9380814023473475
 0.9380814023473475 0.9525337923173482
 0.9380814023473475 0.9658687355566973
 0.9380814023473475 0.9781726321139977
 0.9380814023473475 0.9895252016582041
 0.9380814023473475 1
 0.9525337923173482 0
 0.9525337923173482 0.01047479834179603
 0.9525337923173482 0.02182736788600239
 0.9525337923173482 0.03413126444330297
 0.9525337923173482 0.0474662076826519
 0.9525337923173482 0.06191859765265262
 0.9525337923173482 0.07758207458659537
 0.9525337923173482 0.0945581256182535
 0.9525337923173482 0.1129567423394849
 0.9525337923173482 0.1328971334600995
 0.9525337923173482 0.1545084971874739
 0.9525337923173482 0.1779308583303318
 0.9525337923173482 0.2033159755504711
 0.9525337923173482 0.2308283246407208
 0.9525337923173482 0.2606461642000062
 0.9525337923173482 0.292962690610264
 0.9525337923173482 0.32798728979856
 0.9525337923173482 0.365946893894853
 0.9525337923173482 0.4070874515754908
 0.9525337923173482 0.451675521619118
 0.9525337923173482 0.5000000000000003
 0.9525337923173482 0.5483244783808826
 0.9525337923173482 0.5929125484245099
 0.9525337923173482 0.6340531061051475
 0.9525337923173482 0.6720127102014405
 0.9525337923173482 0.7070373093897365
 0.9525337923173482 0.7393538357999943
 0.9525337923173482 0.7691716753592795
 0.9525337923173482 0.7966840244495292
 0.9525337923173482 0.8220691416696685
 0.9525337923173482 0.8454915028125265
 0.9525337923173482 0.8671028665399009
 0.9525337923173482 0.8870432576605154
 0.9525337923173482 0.9054418743817467
 0.9525337923173482 0.9224179254134048
 0.9525337923173482 0.9380814023473475
 0.9525337923173482 0.9525337923173482
 0.9525337923173482 0.9658687355566973
 0.9525337923173482 0.9781726321139977
 0.9525337923173482 0.9895252016582041
 0.9525337923173482 1
 0.9658687355566973 0
 0.9658687355566973 0.01047479834179603
 0.9658687355566973 0.02182736788600239
 0.9658687355566973 0.03413126444330297
 0.9658687355566973 0.0474662076826519
 0.9658687355566973 0.06191859765265262
 0.9658687355566973 0.07758207458659537
 0.9658687355566973 0.0945581256182535
 0.9658687355566973 0.1129567423394849
 0.9658687355566973 0.1328971334600995
 0.9658687355566973 0.1545084971874739
 0.9658687355566973 0.1779308583303318
 0.9658687355566973 0.2033159755504711
 0.9658687355566973 0.2308283246407208
 0.9658687355566973 0.2606461642000062
 0.9658687355566973 0.292962690610264
 0.9658687355566973 0.32798728979856
 0.9658687355566973 0.365946893894853
 0.9658687355566973 0.4070874515754908
 0.9658687355566973 0.451675521619118
 0.9658687355566973 0.5000000000000003
 0.9658687355566973 0.5483244783808826
 0.9658687355566973 0.5929125484245099
 0.9658687355566973 0.6340531061051475
 0.9658687355566973 0.6720127102014405
 0.9658687355566973 0.7070373093897365
 0.9658687355566973 0.7393538357999943
 0.9658687355566973 0.7691716753592795
 0.9658687355566973 0.7966840244495292
 0.9658687355566973 0.8220691416696685
 0.9658687355566973 0.8454915028125265
 0.9658687355566973 0.8671028665399009
 0.9658687355566973 0.8870432576605154
 0.9658687355566973 0.9054418743817467
 0.9658687355566973 0.9224179254134048
 0.9658687355566973 0.9380814023473475
 0.9658687355566973 0.9525337923173482
 0.9658687355566973 0.9658687355566973
 0.9658687355566973 0.9781726321139977
 0.9658687355566973 0.9895252016582041
 0.9658687355566973 1
 0.9781726321139977 0
 0.9781726321139977 0.01047479834179603
 0.9781726321139977 0.02182736788600239
 0.9781726321139977 0.03413126444330297
 0.9781726321139977 0.0474662076826519
 0.9781726321139977 0.06191859765265262
 0.9781726321139977 0.07758207458659537
 0.9781726321139977 0.0945581256182535
 0.9781726321139977 0.1129567423394849
 0.9781726321139977 0.1328971334600995
 0.9781726321139977 0.1545084971874739
 0.9781726321139977 0.1779308583303318
 0.9781726321139977 0.2033159755504711
 0.9781726321139977 0.2308283246407208
 0.9781726321139977 0.2606461642000062
 0.9781726321139977 0.292962690610264
 0.9781726321139977 0.32798728979856
 0.9781726321139977 0.365946893894853
 0.9781726321139977 0.4070874515754908
 0.9781726321139977 0.451675521619118
 0.9781726321139977 0.5000000000000003
 0.9781726321139977 0.5483244783808826
 0.9781726321139977 0.5929125484245099
 0.9781726321139977 0.6340531061051475
 0.9781726321139977 0.6720127102014405
 0.9781726321139977 0.7070373093897365
 0.9781726321139977 0.7393538357999943
 0.9781726321139977 0.7691716753592795
 0.9781726321139977 0.7966840244495292
 0.9781726321139977 0.8220691416696685
 0.9781726321139977 0.8454915028125265
 0.9781726321139977 0.8671028665399009
 0.9781726321139977 0.8870432576605154
 0.9781726321139977 0.9054418743817467
 0.9781726321139977 0.9224179254134048
 0.9781726321139977 0.9380814023473475
 0.9781726321139977 0.9525337923173482
 0.9781726321139977 0.9658687355566973
 0.9781726321139977 0.9781726321139977
 0.9781726321139977 0.9895252016582041
 0.9781726321139977 1
 0.9895252016582041 0
 0.9895252016582041 0.01047479834179603
 0.9895252016582041 0.02182736788600239
 0.9895252016582041 0.03413126444330297
 0.9895252016582041 0.0474662076826519
 0.9895252016582041 0.06191859765265262
 0.9895252016582041 0.07758207458659537
 0.9895252016582041 0.0945581256182535
 0.9895252016582041 0.1129567423394849
 0.9895252016582041 0.1328971334600995
 0.9895252016582041 0.1545084971874739
 0.9895252016582041 0.1779308583303318
 0.9895252016582041 0.2033159755504711
 0.9895252016582041 0.2308283246407208
 0.9895252016582041 0.2606461642000062
 0.9895252016582041 0.292962690610264
 0.9895252016582041 0.32798728979856
 0.9895252016582041 0.365946893894853
 0.9895252016582041 0.4070874515754908
 0.9895252016582041 0.451675521619118
 0.9895252016582041 0.5000000000000003
 0.9895252016582041 0.5483244783808826
 0.9895252016582041 0.5929125484245099
 0.9895252016582041 0.6340531061051475
 0.9895252016582041 0.6720127102014405
 0.9895252016582041 0.7070373093897365
 0.9895252016582041 0.7393538357999943
 0.9895252016582041 0.7691716753592795
 0.9895252016582041 0.7966840244495292
 0.9895252016582041 0.8220691416696685
 0.9895252016582041 0.8454915028125265
 0.9895252016582041 0.8671028665399009
 0.9895252016582041 0.8870432576605154
 0.9895252016582041 0.9054418743817467
 0.9895252016582041 0.9224179254134048
 0.9895252016582041 0.9380814023473475
 0.9895252016582041 0.9525337923173482
 0.9895252016582041 0.9658687355566973
 0.9895252016582041 0.9781726321139977
 0.9895252016582041 0.9895252016582041
 0.9895252016582041 1
 1 0
 1 0.01047479834179603
 1 0.02182736788600239
 1 0.03413126444330297
 1 0.0474662076826519
 1 0.06191859765265262
 1 0.07758207458659537
 1 0.0945581256182535
 1 0.1129567423394849
 1 0.1328971334600995
 1 0.1545084971874739
 1 0.1779308583303318
 1 0.2033159755504711
 1 0.2308283246407208
 1 0.2606461642000062
 1 0.292962690610264
 1 0.32798728979856
 1 0.365946893894853
 1 0.4070874515754908
 1 0.451675521619118
 1 0.5000000000000003
 1 0.5483244783808826
 1 0.5929125484245099
 1 0.6340531061051475
 1 0.6720127102014405
 1 0.7070373093897365
 1 0.7393538357999943
 1 0.7691716753592795
 1 0.7966840244495292
 1 0.8220691416696685
 1 0.8454915028125265
 1 0.8671028665399009
 1 0.8870432576605154
 1 0.9054418743817467
 1 0.9224179254134048
 1 0.9380814023473475
 1 0.9525337923173482
 1 0.9658687355566973
 1 0.9781726321139977
 1 0.9895252016582041
 1 1
