1 1 0
1 2 0
2 1 0
2 2 0
3 1 0
3 2 0
4 1 0
4 2 0
5 1 0
5 2 0
6 1 0
6 2 0
7 1 0
7 2 0
8 1 0
8 2 0
9 1 0
9 2 0
10 1 0
10 2 0
11 1 0
11 2 0
12 1 0
12 2 0
13 1 0
13 2 0
14 1 0
14 2 0
15 1 0
15 2 0
16 1 0
16 2 0
17 1 0
17 2 0
18 1 0
18 2 0
19 1 0
19 2 0
20 1 0
20 2 0
21 1 0
21 2 0
22 1 0
22 2 0
23 1 0
23 2 0
24 1 0
24 2 0
25 1 0
25 2 0
26 1 0
26 2 0
27 1 0
27 2 0
28 1 0
28 2 0
29 1 0
29 2 0
30 1 0
30 2 0
31 1 0
31 2 0
32 1 0
32 2 0
33 1 0
33 2 0
34 1 0
34 2 0
35 1 0
35 2 0
36 1 0
36 2 0
37 1 0
37 2 0
38 1 0
38 2 0
39 1 0
39 2 0
40 1 0
40 2 0
41 1 0
41 2 0
42 1 0
42 2 0
83 1 0
83 2 0
124 1 0
124 2 0
165 1 0
165 2 0
206 1 0
206 2 0
247 1 0
247 2 0
288 1 0
288 2 0
329 1 0
329 2 0
370 1 0
370 2 0
411 1 0
411 2 0
452 1 0
452 2 0
493 1 0
493 2 0
534 1 0
534 2 0
575 1 0
575 2 0
616 1 0
616 2 0
657 1 0
657 2 0
698 1 0
698 2 0
739 1 0
739 2 0
780 1 0
780 2 0
821 1 0
821 2 0
862 1 0
862 2 0
903 1 0
903 2 0
944 1 0
944 2 0
985 1 0
985 2 0
1026 1 0
1026 2 0
1067 1 0
1067 2 0
1108 1 0
1108 2 0
1149 1 0
1149 2 0
1190 1 0
1190 2 0
1231 1 0
1231 2 0
1272 1 0
1272 2 0
1313 1 0
1313 2 0
1354 1 0
1354 2 0
1395 1 0
1395 2 0
1436 1 0
1436 2 0
1477 1 0
1477 2 0
1518 1 0
1518 2 0
1559 1 0
1559 2 0
1600 1 0
1600 2 0
1641 1 0
1641 2 0
1642 1 0
1642 2 0
1643 1 0
1643 2 0
1644 1 0
1644 2 0
1645 1 0
1645 2 0
1646 1 0
1646 2 0
1647 1 0
1647 2 0
1648 1 0
1648 2 0
1649 1 0
1649 2 0
1650 1 0
1650 2 0
1651 1 0
1651 2 0
1652 1 0
1652 2 0
1653 1 0
1653 2 0
1654 1 0
1654 2 0
1655 1 0
1655 2 0
1656 1 0
1656 2 0
1657 1 0
1657 2 0
1658 1 0
1658 2 0
1659 1 0
1659 2 0
1660 1 0
1660 2 0
1661 1 0
1661 2 0
1662 1 0
1662 2 0
1663 1 0
1663 2 0
1664 1 0
1664 2 0
1665 1 0
1665 2 0
1666 1 0
1666 2 0
1667 1 0
1667 2 0
1668 1 0
1668 2 0
1669 1 0
1669 2 0
1670 1 0
1670 2 0
1671 1 0
1671 2 0
1672 1 0
1672 2 0
1673 1 0
1673 2 0
1674 1 0
1674 2 0
1675 1 0
1675 2 0
1676 1 0
1676 2 0
1677 1 0
1677 2 0
1678 1 0
1678 2 0
1679 1 0
1679 2 0
1680 1 0
1680 2 0
1681 1 0
1681 2 0
