 0 41 1 42
 1 42 2 43
 2 43 3 44
 3 44 4 45
 4 45 5 46
 5 46 6 47
 6 47 7 48
 7 48 8 49
 8 49 9 50
 9 50 10 51
 10 51 11 52
 11 52 12 53
 12 53 13 54
 13 54 14 55
 14 55 15 56
 15 56 16 57
 16 57 17 58
 17 58 18 59
 18 59 19 60
 19 60 20 61
 20 61 21 62
 21 62 22 63
 22 63 23 64
 23 64 24 65
 24 65 25 66
 25 66 26 67
 26 67 27 68
 27 68 28 69
 28 69 29 70
 29 70 30 71
 30 71 31 72
 31 72 32 73
 32 73 33 74
 33 74 34 75
 34 75 35 76
 35 76 36 77
 36 77 37 78
 37 78 38 79
 38 79 39 80
 39 80 40 81
 41 82 42 83
 42 83 43 84
 43 84 44 85
 44 85 45 86
 45 86 46 87
 46 87 47 88
 47 88 48 89
 48 89 49 90
 49 90 50 91
 50 91 51 92
 51 92 52 93
 52 93 53 94
 53 94 54 95
 54 95 55 96
 55 96 56 97
 56 97 57 98
 57 98 58 99
 58 99 59 100
 59 100 60 101
 60 101 61 102
 61 102 62 103
 62 103 63 104
 63 104 64 105
 64 105 65 106
 65 106 66 107
 66 107 67 108
 67 108 68 109
 68 109 69 110
 69 110 70 111
 70 111 71 112
 71 112 72 113
 72 113 73 114
 73 114 74 115
 74 115 75 116
 75 116 76 117
 76 117 77 118
 77 118 78 119
 78 119 79 120
 79 120 80 121
 80 121 81 122
 82 123 83 124
 83 124 84 125
 84 125 85 126
 85 126 86 127
 86 127 87 128
 87 128 88 129
 88 129 89 130
 89 130 90 131
 90 131 91 132
 91 132 92 133
 92 133 93 134
 93 134 94 135
 94 135 95 136
 95 136 96 137
 96 137 97 138
 97 138 98 139
 98 139 99 140
 99 140 100 141
 100 141 101 142
 101 142 102 143
 102 143 103 144
 103 144 104 145
 104 145 105 146
 105 146 106 147
 106 147 107 148
 107 148 108 149
 108 149 109 150
 109 150 110 151
 110 151 111 152
 111 152 112 153
 112 153 113 154
 113 154 114 155
 114 155 115 156
 115 156 116 157
 116 157 117 158
 117 158 118 159
 118 159 119 160
 119 160 120 161
 120 161 121 162
 121 162 122 163
 123 164 124 165
 124 165 125 166
 125 166 126 167
 126 167 127 168
 127 168 128 169
 128 169 129 170
 129 170 130 171
 130 171 131 172
 131 172 132 173
 132 173 133 174
 133 174 134 175
 134 175 135 176
 135 176 136 177
 136 177 137 178
 137 178 138 179
 138 179 139 180
 139 180 140 181
 140 181 141 182
 141 182 142 183
 142 183 143 184
 143 184 144 185
 144 185 145 186
 145 186 146 187
 146 187 147 188
 147 188 148 189
 148 189 149 190
 149 190 150 191
 150 191 151 192
 151 192 152 193
 152 193 153 194
 153 194 154 195
 154 195 155 196
 155 196 156 197
 156 197 157 198
 157 198 158 199
 158 199 159 200
 159 200 160 201
 160 201 161 202
 161 202 162 203
 162 203 163 204
 164 205 165 206
 165 206 166 207
 166 207 167 208
 167 208 168 209
 168 209 169 210
 169 210 170 211
 170 211 171 212
 171 212 172 213
 172 213 173 214
 173 214 174 215
 174 215 175 216
 175 216 176 217
 176 217 177 218
 177 218 178 219
 178 219 179 220
 179 220 180 221
 180 221 181 222
 181 222 182 223
 182 223 183 224
 183 224 184 225
 184 225 185 226
 185 226 186 227
 186 227 187 228
 187 228 188 229
 188 229 189 230
 189 230 190 231
 190 231 191 232
 191 232 192 233
 192 233 193 234
 193 234 194 235
 194 235 195 236
 195 236 196 237
 196 237 197 238
 197 238 198 239
 198 239 199 240
 199 240 200 241
 200 241 201 242
 201 242 202 243
 202 243 203 244
 203 244 204 245
 205 246 206 247
 206 247 207 248
 207 248 208 249
 208 249 209 250
 209 250 210 251
 210 251 211 252
 211 252 212 253
 212 253 213 254
 213 254 214 255
 214 255 215 256
 215 256 216 257
 216 257 217 258
 217 258 218 259
 218 259 219 260
 219 260 220 261
 220 261 221 262
 221 262 222 263
 222 263 223 264
 223 264 224 265
 224 265 225 266
 225 266 226 267
 226 267 227 268
 227 268 228 269
 228 269 229 270
 229 270 230 271
 230 271 231 272
 231 272 232 273
 232 273 233 274
 233 274 234 275
 234 275 235 276
 235 276 236 277
 236 277 237 278
 237 278 238 279
 238 279 239 280
 239 280 240 281
 240 281 241 282
 241 282 242 283
 242 283 243 284
 243 284 244 285
 244 285 245 286
 246 287 247 288
 247 288 248 289
 248 289 249 290
 249 290 250 291
 250 291 251 292
 251 292 252 293
 252 293 253 294
 253 294 254 295
 254 295 255 296
 255 296 256 297
 256 297 257 298
 257 298 258 299
 258 299 259 300
 259 300 260 301
 260 301 261 302
 261 302 262 303
 262 303 263 304
 263 304 264 305
 264 305 265 306
 265 306 266 307
 266 307 267 308
 267 308 268 309
 268 309 269 310
 269 310 270 311
 270 311 271 312
 271 312 272 313
 272 313 273 314
 273 314 274 315
 274 315 275 316
 275 316 276 317
 276 317 277 318
 277 318 278 319
 278 319 279 320
 279 320 280 321
 280 321 281 322
 281 322 282 323
 282 323 283 324
 283 324 284 325
 284 325 285 326
 285 326 286 327
 287 328 288 329
 288 329 289 330
 289 330 290 331
 290 331 291 332
 291 332 292 333
 292 333 293 334
 293 334 294 335
 294 335 295 336
 295 336 296 337
 296 337 297 338
 297 338 298 339
 298 339 299 340
 299 340 300 341
 300 341 301 342
 301 342 302 343
 302 343 303 344
 303 344 304 345
 304 345 305 346
 305 346 306 347
 306 347 307 348
 307 348 308 349
 308 349 309 350
 309 350 310 351
 310 351 311 352
 311 352 312 353
 312 353 313 354
 313 354 314 355
 314 355 315 356
 315 356 316 357
 316 357 317 358
 317 358 318 359
 318 359 319 360
 319 360 320 361
 320 361 321 362
 321 362 322 363
 322 363 323 364
 323 364 324 365
 324 365 325 366
 325 366 326 367
 326 367 327 368
 328 369 329 370
 329 370 330 371
 330 371 331 372
 331 372 332 373
 332 373 333 374
 333 374 334 375
 334 375 335 376
 335 376 336 377
 336 377 337 378
 337 378 338 379
 338 379 339 380
 339 380 340 381
 340 381 341 382
 341 382 342 383
 342 383 343 384
 343 384 344 385
 344 385 345 386
 345 386 346 387
 346 387 347 388
 347 388 348 389
 348 389 349 390
 349 390 350 391
 350 391 351 392
 351 392 352 393
 352 393 353 394
 353 394 354 395
 354 395 355 396
 355 396 356 397
 356 397 357 398
 357 398 358 399
 358 399 359 400
 359 400 360 401
 360 401 361 402
 361 402 362 403
 362 403 363 404
 363 404 364 405
 364 405 365 406
 365 406 366 407
 366 407 367 408
 367 408 368 409
 369 410 370 411
 370 411 371 412
 371 412 372 413
 372 413 373 414
 373 414 374 415
 374 415 375 416
 375 416 376 417
 376 417 377 418
 377 418 378 419
 378 419 379 420
 379 420 380 421
 380 421 381 422
 381 422 382 423
 382 423 383 424
 383 424 384 425
 384 425 385 426
 385 426 386 427
 386 427 387 428
 387 428 388 429
 388 429 389 430
 389 430 390 431
 390 431 391 432
 391 432 392 433
 392 433 393 434
 393 434 394 435
 394 435 395 436
 395 436 396 437
 396 437 397 438
 397 438 398 439
 398 439 399 440
 399 440 400 441
 400 441 401 442
 401 442 402 443
 402 443 403 444
 403 444 404 445
 404 445 405 446
 405 446 406 447
 406 447 407 448
 407 448 408 449
 408 449 409 450
 410 451 411 452
 411 452 412 453
 412 453 413 454
 413 454 414 455
 414 455 415 456
 415 456 416 457
 416 457 417 458
 417 458 418 459
 418 459 419 460
 419 460 420 461
 420 461 421 462
 421 462 422 463
 422 463 423 464
 423 464 424 465
 424 465 425 466
 425 466 426 467
 426 467 427 468
 427 468 428 469
 428 469 429 470
 429 470 430 471
 430 471 431 472
 431 472 432 473
 432 473 433 474
 433 474 434 475
 434 475 435 476
 435 476 436 477
 436 477 437 478
 437 478 438 479
 438 479 439 480
 439 480 440 481
 440 481 441 482
 441 482 442 483
 442 483 443 484
 443 484 444 485
 444 485 445 486
 445 486 446 487
 446 487 447 488
 447 488 448 489
 448 489 449 490
 449 490 450 491
 451 492 452 493
 452 493 453 494
 453 494 454 495
 454 495 455 496
 455 496 456 497
 456 497 457 498
 457 498 458 499
 458 499 459 500
 459 500 460 501
 460 501 461 502
 461 502 462 503
 462 503 463 504
 463 504 464 505
 464 505 465 506
 465 506 466 507
 466 507 467 508
 467 508 468 509
 468 509 469 510
 469 510 470 511
 470 511 471 512
 471 512 472 513
 472 513 473 514
 473 514 474 515
 474 515 475 516
 475 516 476 517
 476 517 477 518
 477 518 478 519
 478 519 479 520
 479 520 480 521
 480 521 481 522
 481 522 482 523
 482 523 483 524
 483 524 484 525
 484 525 485 526
 485 526 486 527
 486 527 487 528
 487 528 488 529
 488 529 489 530
 489 530 490 531
 490 531 491 532
 492 533 493 534
 493 534 494 535
 494 535 495 536
 495 536 496 537
 496 537 497 538
 497 538 498 539
 498 539 499 540
 499 540 500 541
 500 541 501 542
 501 542 502 543
 502 543 503 544
 503 544 504 545
 504 545 505 546
 505 546 506 547
 506 547 507 548
 507 548 508 549
 508 549 509 550
 509 550 510 551
 510 551 511 552
 511 552 512 553
 512 553 513 554
 513 554 514 555
 514 555 515 556
 515 556 516 557
 516 557 517 558
 517 558 518 559
 518 559 519 560
 519 560 520 561
 520 561 521 562
 521 562 522 563
 522 563 523 564
 523 564 524 565
 524 565 525 566
 525 566 526 567
 526 567 527 568
 527 568 528 569
 528 569 529 570
 529 570 530 571
 530 571 531 572
 531 572 532 573
 533 574 534 575
 534 575 535 576
 535 576 536 577
 536 577 537 578
 537 578 538 579
 538 579 539 580
 539 580 540 581
 540 581 541 582
 541 582 542 583
 542 583 543 584
 543 584 544 585
 544 585 545 586
 545 586 546 587
 546 587 547 588
 547 588 548 589
 548 589 549 590
 549 590 550 591
 550 591 551 592
 551 592 552 593
 552 593 553 594
 553 594 554 595
 554 595 555 596
 555 596 556 597
 556 597 557 598
 557 598 558 599
 558 599 559 600
 559 600 560 601
 560 601 561 602
 561 602 562 603
 562 603 563 604
 563 604 564 605
 564 605 565 606
 565 606 566 607
 566 607 567 608
 567 608 568 609
 568 609 569 610
 569 610 570 611
 570 611 571 612
 571 612 572 613
 572 613 573 614
 574 615 575 616
 575 616 576 617
 576 617 577 618
 577 618 578 619
 578 619 579 620
 579 620 580 621
 580 621 581 622
 581 622 582 623
 582 623 583 624
 583 624 584 625
 584 625 585 626
 585 626 586 627
 586 627 587 628
 587 628 588 629
 588 629 589 630
 589 630 590 631
 590 631 591 632
 591 632 592 633
 592 633 593 634
 593 634 594 635
 594 635 595 636
 595 636 596 637
 596 637 597 638
 597 638 598 639
 598 639 599 640
 599 640 600 641
 600 641 601 642
 601 642 602 643
 602 643 603 644
 603 644 604 645
 604 645 605 646
 605 646 606 647
 606 647 607 648
 607 648 608 649
 608 649 609 650
 609 650 610 651
 610 651 611 652
 611 652 612 653
 612 653 613 654
 613 654 614 655
 615 656 616 657
 616 657 617 658
 617 658 618 659
 618 659 619 660
 619 660 620 661
 620 661 621 662
 621 662 622 663
 622 663 623 664
 623 664 624 665
 624 665 625 666
 625 666 626 667
 626 667 627 668
 627 668 628 669
 628 669 629 670
 629 670 630 671
 630 671 631 672
 631 672 632 673
 632 673 633 674
 633 674 634 675
 634 675 635 676
 635 676 636 677
 636 677 637 678
 637 678 638 679
 638 679 639 680
 639 680 640 681
 640 681 641 682
 641 682 642 683
 642 683 643 684
 643 684 644 685
 644 685 645 686
 645 686 646 687
 646 687 647 688
 647 688 648 689
 648 689 649 690
 649 690 650 691
 650 691 651 692
 651 692 652 693
 652 693 653 694
 653 694 654 695
 654 695 655 696
 656 697 657 698
 657 698 658 699
 658 699 659 700
 659 700 660 701
 660 701 661 702
 661 702 662 703
 662 703 663 704
 663 704 664 705
 664 705 665 706
 665 706 666 707
 666 707 667 708
 667 708 668 709
 668 709 669 710
 669 710 670 711
 670 711 671 712
 671 712 672 713
 672 713 673 714
 673 714 674 715
 674 715 675 716
 675 716 676 717
 676 717 677 718
 677 718 678 719
 678 719 679 720
 679 720 680 721
 680 721 681 722
 681 722 682 723
 682 723 683 724
 683 724 684 725
 684 725 685 726
 685 726 686 727
 686 727 687 728
 687 728 688 729
 688 729 689 730
 689 730 690 731
 690 731 691 732
 691 732 692 733
 692 733 693 734
 693 734 694 735
 694 735 695 736
 695 736 696 737
 697 738 698 739
 698 739 699 740
 699 740 700 741
 700 741 701 742
 701 742 702 743
 702 743 703 744
 703 744 704 745
 704 745 705 746
 705 746 706 747
 706 747 707 748
 707 748 708 749
 708 749 709 750
 709 750 710 751
 710 751 711 752
 711 752 712 753
 712 753 713 754
 713 754 714 755
 714 755 715 756
 715 756 716 757
 716 757 717 758
 717 758 718 759
 718 759 719 760
 719 760 720 761
 720 761 721 762
 721 762 722 763
 722 763 723 764
 723 764 724 765
 724 765 725 766
 725 766 726 767
 726 767 727 768
 727 768 728 769
 728 769 729 770
 729 770 730 771
 730 771 731 772
 731 772 732 773
 732 773 733 774
 733 774 734 775
 734 775 735 776
 735 776 736 777
 736 777 737 778
 738 779 739 780
 739 780 740 781
 740 781 741 782
 741 782 742 783
 742 783 743 784
 743 784 744 785
 744 785 745 786
 745 786 746 787
 746 787 747 788
 747 788 748 789
 748 789 749 790
 749 790 750 791
 750 791 751 792
 751 792 752 793
 752 793 753 794
 753 794 754 795
 754 795 755 796
 755 796 756 797
 756 797 757 798
 757 798 758 799
 758 799 759 800
 759 800 760 801
 760 801 761 802
 761 802 762 803
 762 803 763 804
 763 804 764 805
 764 805 765 806
 765 806 766 807
 766 807 767 808
 767 808 768 809
 768 809 769 810
 769 810 770 811
 770 811 771 812
 771 812 772 813
 772 813 773 814
 773 814 774 815
 774 815 775 816
 775 816 776 817
 776 817 777 818
 777 818 778 819
 779 820 780 821
 780 821 781 822
 781 822 782 823
 782 823 783 824
 783 824 784 825
 784 825 785 826
 785 826 786 827
 786 827 787 828
 787 828 788 829
 788 829 789 830
 789 830 790 831
 790 831 791 832
 791 832 792 833
 792 833 793 834
 793 834 794 835
 794 835 795 836
 795 836 796 837
 796 837 797 838
 797 838 798 839
 798 839 799 840
 799 840 800 841
 800 841 801 842
 801 842 802 843
 802 843 803 844
 803 844 804 845
 804 845 805 846
 805 846 806 847
 806 847 807 848
 807 848 808 849
 808 849 809 850
 809 850 810 851
 810 851 811 852
 811 852 812 853
 812 853 813 854
 813 854 814 855
 814 855 815 856
 815 856 816 857
 816 857 817 858
 817 858 818 859
 818 859 819 860
 820 861 821 862
 821 862 822 863
 822 863 823 864
 823 864 824 865
 824 865 825 866
 825 866 826 867
 826 867 827 868
 827 868 828 869
 828 869 829 870
 829 870 830 871
 830 871 831 872
 831 872 832 873
 832 873 833 874
 833 874 834 875
 834 875 835 876
 835 876 836 877
 836 877 837 878
 837 878 838 879
 838 879 839 880
 839 880 840 881
 840 881 841 882
 841 882 842 883
 842 883 843 884
 843 884 844 885
 844 885 845 886
 845 886 846 887
 846 887 847 888
 847 888 848 889
 848 889 849 890
 849 890 850 891
 850 891 851 892
 851 892 852 893
 852 893 853 894
 853 894 854 895
 854 895 855 896
 855 896 856 897
 856 897 857 898
 857 898 858 899
 858 899 859 900
 859 900 860 901
 861 902 862 903
 862 903 863 904
 863 904 864 905
 864 905 865 906
 865 906 866 907
 866 907 867 908
 867 908 868 909
 868 909 869 910
 869 910 870 911
 870 911 871 912
 871 912 872 913
 872 913 873 914
 873 914 874 915
 874 915 875 916
 875 916 876 917
 876 917 877 918
 877 918 878 919
 878 919 879 920
 879 920 880 921
 880 921 881 922
 881 922 882 923
 882 923 883 924
 883 924 884 925
 884 925 885 926
 885 926 886 927
 886 927 887 928
 887 928 888 929
 888 929 889 930
 889 930 890 931
 890 931 891 932
 891 932 892 933
 892 933 893 934
 893 934 894 935
 894 935 895 936
 895 936 896 937
 896 937 897 938
 897 938 898 939
 898 939 899 940
 899 940 900 941
 900 941 901 942
 902 943 903 944
 903 944 904 945
 904 945 905 946
 905 946 906 947
 906 947 907 948
 907 948 908 949
 908 949 909 950
 909 950 910 951
 910 951 911 952
 911 952 912 953
 912 953 913 954
 913 954 914 955
 914 955 915 956
 915 956 916 957
 916 957 917 958
 917 958 918 959
 918 959 919 960
 919 960 920 961
 920 961 921 962
 921 962 922 963
 922 963 923 964
 923 964 924 965
 924 965 925 966
 925 966 926 967
 926 967 927 968
 927 968 928 969
 928 969 929 970
 929 970 930 971
 930 971 931 972
 931 972 932 973
 932 973 933 974
 933 974 934 975
 934 975 935 976
 935 976 936 977
 936 977 937 978
 937 978 938 979
 938 979 939 980
 939 980 940 981
 940 981 941 982
 941 982 942 983
 943 984 944 985
 944 985 945 986
 945 986 946 987
 946 987 947 988
 947 988 948 989
 948 989 949 990
 949 990 950 991
 950 991 951 992
 951 992 952 993
 952 993 953 994
 953 994 954 995
 954 995 955 996
 955 996 956 997
 956 997 957 998
 957 998 958 999
 958 999 959 1000
 959 1000 960 1001
 960 1001 961 1002
 961 1002 962 1003
 962 1003 963 1004
 963 1004 964 1005
 964 1005 965 1006
 965 1006 966 1007
 966 1007 967 1008
 967 1008 968 1009
 968 1009 969 1010
 969 1010 970 1011
 970 1011 971 1012
 971 1012 972 1013
 972 1013 973 1014
 973 1014 974 1015
 974 1015 975 1016
 975 1016 976 1017
 976 1017 977 1018
 977 1018 978 1019
 978 1019 979 1020
 979 1020 980 1021
 980 1021 981 1022
 981 1022 982 1023
 982 1023 983 1024
 984 1025 985 1026
 985 1026 986 1027
 986 1027 987 1028
 987 1028 988 1029
 988 1029 989 1030
 989 1030 990 1031
 990 1031 991 1032
 991 1032 992 1033
 992 1033 993 1034
 993 1034 994 1035
 994 1035 995 1036
 995 1036 996 1037
 996 1037 997 1038
 997 1038 998 1039
 998 1039 999 1040
 999 1040 1000 1041
 1000 1041 1001 1042
 1001 1042 1002 1043
 1002 1043 1003 1044
 1003 1044 1004 1045
 1004 1045 1005 1046
 1005 1046 1006 1047
 1006 1047 1007 1048
 1007 1048 1008 1049
 1008 1049 1009 1050
 1009 1050 1010 1051
 1010 1051 1011 1052
 1011 1052 1012 1053
 1012 1053 1013 1054
 1013 1054 1014 1055
 1014 1055 1015 1056
 1015 1056 1016 1057
 1016 1057 1017 1058
 1017 1058 1018 1059
 1018 1059 1019 1060
 1019 1060 1020 1061
 1020 1061 1021 1062
 1021 1062 1022 1063
 1022 1063 1023 1064
 1023 1064 1024 1065
 1025 1066 1026 1067
 1026 1067 1027 1068
 1027 1068 1028 1069
 1028 1069 1029 1070
 1029 1070 1030 1071
 1030 1071 1031 1072
 1031 1072 1032 1073
 1032 1073 1033 1074
 1033 1074 1034 1075
 1034 1075 1035 1076
 1035 1076 1036 1077
 1036 1077 1037 1078
 1037 1078 1038 1079
 1038 1079 1039 1080
 1039 1080 1040 1081
 1040 1081 1041 1082
 1041 1082 1042 1083
 1042 1083 1043 1084
 1043 1084 1044 1085
 1044 1085 1045 1086
 1045 1086 1046 1087
 1046 1087 1047 1088
 1047 1088 1048 1089
 1048 1089 1049 1090
 1049 1090 1050 1091
 1050 1091 1051 1092
 1051 1092 1052 1093
 1052 1093 1053 1094
 1053 1094 1054 1095
 1054 1095 1055 1096
 1055 1096 1056 1097
 1056 1097 1057 1098
 1057 1098 1058 1099
 1058 1099 1059 1100
 1059 1100 1060 1101
 1060 1101 1061 1102
 1061 1102 1062 1103
 1062 1103 1063 1104
 1063 1104 1064 1105
 1064 1105 1065 1106
 1066 1107 1067 1108
 1067 1108 1068 1109
 1068 1109 1069 1110
 1069 1110 1070 1111
 1070 1111 1071 1112
 1071 1112 1072 1113
 1072 1113 1073 1114
 1073 1114 1074 1115
 1074 1115 1075 1116
 1075 1116 1076 1117
 1076 1117 1077 1118
 1077 1118 1078 1119
 1078 1119 1079 1120
 1079 1120 1080 1121
 1080 1121 1081 1122
 1081 1122 1082 1123
 1082 1123 1083 1124
 1083 1124 1084 1125
 1084 1125 1085 1126
 1085 1126 1086 1127
 1086 1127 1087 1128
 1087 1128 1088 1129
 1088 1129 1089 1130
 1089 1130 1090 1131
 1090 1131 1091 1132
 1091 1132 1092 1133
 1092 1133 1093 1134
 1093 1134 1094 1135
 1094 1135 1095 1136
 1095 1136 1096 1137
 1096 1137 1097 1138
 1097 1138 1098 1139
 1098 1139 1099 1140
 1099 1140 1100 1141
 1100 1141 1101 1142
 1101 1142 1102 1143
 1102 1143 1103 1144
 1103 1144 1104 1145
 1104 1145 1105 1146
 1105 1146 1106 1147
 1107 1148 1108 1149
 1108 1149 1109 1150
 1109 1150 1110 1151
 1110 1151 1111 1152
 1111 1152 1112 1153
 1112 1153 1113 1154
 1113 1154 1114 1155
 1114 1155 1115 1156
 1115 1156 1116 1157
 1116 1157 1117 1158
 1117 1158 1118 1159
 1118 1159 1119 1160
 1119 1160 1120 1161
 1120 1161 1121 1162
 1121 1162 1122 1163
 1122 1163 1123 1164
 1123 1164 1124 1165
 1124 1165 1125 1166
 1125 1166 1126 1167
 1126 1167 1127 1168
 1127 1168 1128 1169
 1128 1169 1129 1170
 1129 1170 1130 1171
 1130 1171 1131 1172
 1131 1172 1132 1173
 1132 1173 1133 1174
 1133 1174 1134 1175
 1134 1175 1135 1176
 1135 1176 1136 1177
 1136 1177 1137 1178
 1137 1178 1138 1179
 1138 1179 1139 1180
 1139 1180 1140 1181
 1140 1181 1141 1182
 1141 1182 1142 1183
 1142 1183 1143 1184
 1143 1184 1144 1185
 1144 1185 1145 1186
 1145 1186 1146 1187
 1146 1187 1147 1188
 1148 1189 1149 1190
 1149 1190 1150 1191
 1150 1191 1151 1192
 1151 1192 1152 1193
 1152 1193 1153 1194
 1153 1194 1154 1195
 1154 1195 1155 1196
 1155 1196 1156 1197
 1156 1197 1157 1198
 1157 1198 1158 1199
 1158 1199 1159 1200
 1159 1200 1160 1201
 1160 1201 1161 1202
 1161 1202 1162 1203
 1162 1203 1163 1204
 1163 1204 1164 1205
 1164 1205 1165 1206
 1165 1206 1166 1207
 1166 1207 1167 1208
 1167 1208 1168 1209
 1168 1209 1169 1210
 1169 1210 1170 1211
 1170 1211 1171 1212
 1171 1212 1172 1213
 1172 1213 1173 1214
 1173 1214 1174 1215
 1174 1215 1175 1216
 1175 1216 1176 1217
 1176 1217 1177 1218
 1177 1218 1178 1219
 1178 1219 1179 1220
 1179 1220 1180 1221
 1180 1221 1181 1222
 1181 1222 1182 1223
 1182 1223 1183 1224
 1183 1224 1184 1225
 1184 1225 1185 1226
 1185 1226 1186 1227
 1186 1227 1187 1228
 1187 1228 1188 1229
 1189 1230 1190 1231
 1190 1231 1191 1232
 1191 1232 1192 1233
 1192 1233 1193 1234
 1193 1234 1194 1235
 1194 1235 1195 1236
 1195 1236 1196 1237
 1196 1237 1197 1238
 1197 1238 1198 1239
 1198 1239 1199 1240
 1199 1240 1200 1241
 1200 1241 1201 1242
 1201 1242 1202 1243
 1202 1243 1203 1244
 1203 1244 1204 1245
 1204 1245 1205 1246
 1205 1246 1206 1247
 1206 1247 1207 1248
 1207 1248 1208 1249
 1208 1249 1209 1250
 1209 1250 1210 1251
 1210 1251 1211 1252
 1211 1252 1212 1253
 1212 1253 1213 1254
 1213 1254 1214 1255
 1214 1255 1215 1256
 1215 1256 1216 1257
 1216 1257 1217 1258
 1217 1258 1218 1259
 1218 1259 1219 1260
 1219 1260 1220 1261
 1220 1261 1221 1262
 1221 1262 1222 1263
 1222 1263 1223 1264
 1223 1264 1224 1265
 1224 1265 1225 1266
 1225 1266 1226 1267
 1226 1267 1227 1268
 1227 1268 1228 1269
 1228 1269 1229 1270
 1230 1271 1231 1272
 1231 1272 1232 1273
 1232 1273 1233 1274
 1233 1274 1234 1275
 1234 1275 1235 1276
 1235 1276 1236 1277
 1236 1277 1237 1278
 1237 1278 1238 1279
 1238 1279 1239 1280
 1239 1280 1240 1281
 1240 1281 1241 1282
 1241 1282 1242 1283
 1242 1283 1243 1284
 1243 1284 1244 1285
 1244 1285 1245 1286
 1245 1286 1246 1287
 1246 1287 1247 1288
 1247 1288 1248 1289
 1248 1289 1249 1290
 1249 1290 1250 1291
 1250 1291 1251 1292
 1251 1292 1252 1293
 1252 1293 1253 1294
 1253 1294 1254 1295
 1254 1295 1255 1296
 1255 1296 1256 1297
 1256 1297 1257 1298
 1257 1298 1258 1299
 1258 1299 1259 1300
 1259 1300 1260 1301
 1260 1301 1261 1302
 1261 1302 1262 1303
 1262 1303 1263 1304
 1263 1304 1264 1305
 1264 1305 1265 1306
 1265 1306 1266 1307
 1266 1307 1267 1308
 1267 1308 1268 1309
 1268 1309 1269 1310
 1269 1310 1270 1311
 1271 1312 1272 1313
 1272 1313 1273 1314
 1273 1314 1274 1315
 1274 1315 1275 1316
 1275 1316 1276 1317
 1276 1317 1277 1318
 1277 1318 1278 1319
 1278 1319 1279 1320
 1279 1320 1280 1321
 1280 1321 1281 1322
 1281 1322 1282 1323
 1282 1323 1283 1324
 1283 1324 1284 1325
 1284 1325 1285 1326
 1285 1326 1286 1327
 1286 1327 1287 1328
 1287 1328 1288 1329
 1288 1329 1289 1330
 1289 1330 1290 1331
 1290 1331 1291 1332
 1291 1332 1292 1333
 1292 1333 1293 1334
 1293 1334 1294 1335
 1294 1335 1295 1336
 1295 1336 1296 1337
 1296 1337 1297 1338
 1297 1338 1298 1339
 1298 1339 1299 1340
 1299 1340 1300 1341
 1300 1341 1301 1342
 1301 1342 1302 1343
 1302 1343 1303 1344
 1303 1344 1304 1345
 1304 1345 1305 1346
 1305 1346 1306 1347
 1306 1347 1307 1348
 1307 1348 1308 1349
 1308 1349 1309 1350
 1309 1350 1310 1351
 1310 1351 1311 1352
 1312 1353 1313 1354
 1313 1354 1314 1355
 1314 1355 1315 1356
 1315 1356 1316 1357
 1316 1357 1317 1358
 1317 1358 1318 1359
 1318 1359 1319 1360
 1319 1360 1320 1361
 1320 1361 1321 1362
 1321 1362 1322 1363
 1322 1363 1323 1364
 1323 1364 1324 1365
 1324 1365 1325 1366
 1325 1366 1326 1367
 1326 1367 1327 1368
 1327 1368 1328 1369
 1328 1369 1329 1370
 1329 1370 1330 1371
 1330 1371 1331 1372
 1331 1372 1332 1373
 1332 1373 1333 1374
 1333 1374 1334 1375
 1334 1375 1335 1376
 1335 1376 1336 1377
 1336 1377 1337 1378
 1337 1378 1338 1379
 1338 1379 1339 1380
 1339 1380 1340 1381
 1340 1381 1341 1382
 1341 1382 1342 1383
 1342 1383 1343 1384
 1343 1384 1344 1385
 1344 1385 1345 1386
 1345 1386 1346 1387
 1346 1387 1347 1388
 1347 1388 1348 1389
 1348 1389 1349 1390
 1349 1390 1350 1391
 1350 1391 1351 1392
 1351 1392 1352 1393
 1353 1394 1354 1395
 1354 1395 1355 1396
 1355 1396 1356 1397
 1356 1397 1357 1398
 1357 1398 1358 1399
 1358 1399 1359 1400
 1359 1400 1360 1401
 1360 1401 1361 1402
 1361 1402 1362 1403
 1362 1403 1363 1404
 1363 1404 1364 1405
 1364 1405 1365 1406
 1365 1406 1366 1407
 1366 1407 1367 1408
 1367 1408 1368 1409
 1368 1409 1369 1410
 1369 1410 1370 1411
 1370 1411 1371 1412
 1371 1412 1372 1413
 1372 1413 1373 1414
 1373 1414 1374 1415
 1374 1415 1375 1416
 1375 1416 1376 1417
 1376 1417 1377 1418
 1377 1418 1378 1419
 1378 1419 1379 1420
 1379 1420 1380 1421
 1380 1421 1381 1422
 1381 1422 1382 1423
 1382 1423 1383 1424
 1383 1424 1384 1425
 1384 1425 1385 1426
 1385 1426 1386 1427
 1386 1427 1387 1428
 1387 1428 1388 1429
 1388 1429 1389 1430
 1389 1430 1390 1431
 1390 1431 1391 1432
 1391 1432 1392 1433
 1392 1433 1393 1434
 1394 1435 1395 1436
 1395 1436 1396 1437
 1396 1437 1397 1438
 1397 1438 1398 1439
 1398 1439 1399 1440
 1399 1440 1400 1441
 1400 1441 1401 1442
 1401 1442 1402 1443
 1402 1443 1403 1444
 1403 1444 1404 1445
 1404 1445 1405 1446
 1405 1446 1406 1447
 1406 1447 1407 1448
 1407 1448 1408 1449
 1408 1449 1409 1450
 1409 1450 1410 1451
 1410 1451 1411 1452
 1411 1452 1412 1453
 1412 1453 1413 1454
 1413 1454 1414 1455
 1414 1455 1415 1456
 1415 1456 1416 1457
 1416 1457 1417 1458
 1417 1458 1418 1459
 1418 1459 1419 1460
 1419 1460 1420 1461
 1420 1461 1421 1462
 1421 1462 1422 1463
 1422 1463 1423 1464
 1423 1464 1424 1465
 1424 1465 1425 1466
 1425 1466 1426 1467
 1426 1467 1427 1468
 1427 1468 1428 1469
 1428 1469 1429 1470
 1429 1470 1430 1471
 1430 1471 1431 1472
 1431 1472 1432 1473
 1432 1473 1433 1474
 1433 1474 1434 1475
 1435 1476 1436 1477
 1436 1477 1437 1478
 1437 1478 1438 1479
 1438 1479 1439 1480
 1439 1480 1440 1481
 1440 1481 1441 1482
 1441 1482 1442 1483
 1442 1483 1443 1484
 1443 1484 1444 1485
 1444 1485 1445 1486
 1445 1486 1446 1487
 1446 1487 1447 1488
 1447 1488 1448 1489
 1448 1489 1449 1490
 1449 1490 1450 1491
 1450 1491 1451 1492
 1451 1492 1452 1493
 1452 1493 1453 1494
 1453 1494 1454 1495
 1454 1495 1455 1496
 1455 1496 1456 1497
 1456 1497 1457 1498
 1457 1498 1458 1499
 1458 1499 1459 1500
 1459 1500 1460 1501
 1460 1501 1461 1502
 1461 1502 1462 1503
 1462 1503 1463 1504
 1463 1504 1464 1505
 1464 1505 1465 1506
 1465 1506 1466 1507
 1466 1507 1467 1508
 1467 1508 1468 1509
 1468 1509 1469 1510
 1469 1510 1470 1511
 1470 1511 1471 1512
 1471 1512 1472 1513
 1472 1513 1473 1514
 1473 1514 1474 1515
 1474 1515 1475 1516
 1476 1517 1477 1518
 1477 1518 1478 1519
 1478 1519 1479 1520
 1479 1520 1480 1521
 1480 1521 1481 1522
 1481 1522 1482 1523
 1482 1523 1483 1524
 1483 1524 1484 1525
 1484 1525 1485 1526
 1485 1526 1486 1527
 1486 1527 1487 1528
 1487 1528 1488 1529
 1488 1529 1489 1530
 1489 1530 1490 1531
 1490 1531 1491 1532
 1491 1532 1492 1533
 1492 1533 1493 1534
 1493 1534 1494 1535
 1494 1535 1495 1536
 1495 1536 1496 1537
 1496 1537 1497 1538
 1497 1538 1498 1539
 1498 1539 1499 1540
 1499 1540 1500 1541
 1500 1541 1501 1542
 1501 1542 1502 1543
 1502 1543 1503 1544
 1503 1544 1504 1545
 1504 1545 1505 1546
 1505 1546 1506 1547
 1506 1547 1507 1548
 1507 1548 1508 1549
 1508 1549 1509 1550
 1509 1550 1510 1551
 1510 1551 1511 1552
 1511 1552 1512 1553
 1512 1553 1513 1554
 1513 1554 1514 1555
 1514 1555 1515 1556
 1515 1556 1516 1557
 1517 1558 1518 1559
 1518 1559 1519 1560
 1519 1560 1520 1561
 1520 1561 1521 1562
 1521 1562 1522 1563
 1522 1563 1523 1564
 1523 1564 1524 1565
 1524 1565 1525 1566
 1525 1566 1526 1567
 1526 1567 1527 1568
 1527 1568 1528 1569
 1528 1569 1529 1570
 1529 1570 1530 1571
 1530 1571 1531 1572
 1531 1572 1532 1573
 1532 1573 1533 1574
 1533 1574 1534 1575
 1534 1575 1535 1576
 1535 1576 1536 1577
 1536 1577 1537 1578
 1537 1578 1538 1579
 1538 1579 1539 1580
 1539 1580 1540 1581
 1540 1581 1541 1582
 1541 1582 1542 1583
 1542 1583 1543 1584
 1543 1584 1544 1585
 1544 1585 1545 1586
 1545 1586 1546 1587
 1546 1587 1547 1588
 1547 1588 1548 1589
 1548 1589 1549 1590
 1549 1590 1550 1591
 1550 1591 1551 1592
 1551 1592 1552 1593
 1552 1593 1553 1594
 1553 1594 1554 1595
 1554 1595 1555 1596
 1555 1596 1556 1597
 1556 1597 1557 1598
 1558 1599 1559 1600
 1559 1600 1560 1601
 1560 1601 1561 1602
 1561 1602 1562 1603
 1562 1603 1563 1604
 1563 1604 1564 1605
 1564 1605 1565 1606
 1565 1606 1566 1607
 1566 1607 1567 1608
 1567 1608 1568 1609
 1568 1609 1569 1610
 1569 1610 1570 1611
 1570 1611 1571 1612
 1571 1612 1572 1613
 1572 1613 1573 1614
 1573 1614 1574 1615
 1574 1615 1575 1616
 1575 1616 1576 1617
 1576 1617 1577 1618
 1577 1618 1578 1619
 1578 1619 1579 1620
 1579 1620 1580 1621
 1580 1621 1581 1622
 1581 1622 1582 1623
 1582 1623 1583 1624
 1583 1624 1584 1625
 1584 1625 1585 1626
 1585 1626 1586 1627
 1586 1627 1587 1628
 1587 1628 1588 1629
 1588 1629 1589 1630
 1589 1630 1590 1631
 1590 1631 1591 1632
 1591 1632 1592 1633
 1592 1633 1593 1634
 1593 1634 1594 1635
 1594 1635 1595 1636
 1595 1636 1596 1637
 1596 1637 1597 1638
 1597 1638 1598 1639
 1599 1640 1600 1641
 1600 1641 1601 1642
 1601 1642 1602 1643
 1602 1643 1603 1644
 1603 1644 1604 1645
 1604 1645 1605 1646
 1605 1646 1606 1647
 1606 1647 1607 1648
 1607 1648 1608 1649
 1608 1649 1609 1650
 1609 1650 1610 1651
 1610 1651 1611 1652
 1611 1652 1612 1653
 1612 1653 1613 1654
 1613 1654 1614 1655
 1614 1655 1615 1656
 1615 1656 1616 1657
 1616 1657 1617 1658
 1617 1658 1618 1659
 1618 1659 1619 1660
 1619 1660 1620 1661
 1620 1661 1621 1662
 1621 1662 1622 1663
 1622 1663 1623 1664
 1623 1664 1624 1665
 1624 1665 1625 1666
 1625 1666 1626 1667
 1626 1667 1627 1668
 1627 1668 1628 1669
 1628 1669 1629 1670
 1629 1670 1630 1671
 1630 1671 1631 1672
 1631 1672 1632 1673
 1632 1673 1633 1674
 1633 1674 1634 1675
 1634 1675 1635 1676
 1635 1676 1636 1677
 1636 1677 1637 1678
 1637 1678 1638 1679
 1638 1679 1639 1680
