#FIG 3.2
Landscape
Center
Inches
Letter  
100.00
Single
-2
1200 2
2 2 0 1 0 7 100 0 -1 0.000 0 0 -1 0 0 5
	 6750 1125 7425 1125 7425 1500 6750 1500 6750 1125
2 2 0 1 0 7 100 0 -1 0.000 0 0 -1 0 0 5
	 6750 2325 7425 2325 7425 2700 6750 2700 6750 2325
2 1 0 1 0 7 100 0 -1 0.000 0 0 -1 1 0 2
	0 0 1.00 60.00 120.00
	 7050 1500 7050 1725
2 1 0 1 0 7 100 0 -1 0.000 0 0 -1 1 0 2
	0 0 1.00 60.00 120.00
	 7050 2100 7050 2325
2 1 0 1 0 7 100 0 -1 0.000 0 0 -1 1 0 2
	0 0 1.00 60.00 120.00
	 7050 2700 7050 2925
2 1 0 1 0 7 100 0 -1 0.000 0 0 -1 1 0 2
	0 0 1.00 60.00 120.00
	 7050 375 7050 1125
2 1 0 1 0 7 100 0 -1 0.000 0 0 -1 1 0 4
	0 0 1.00 60.00 120.00
	 7050 4950 8250 4950 8250 825 7050 825
2 2 1 1 0 7 100 0 -1 4.000 0 0 -1 0 0 5
	 6750 2925 7425 2925 7425 3300 6750 3300 6750 2925
2 1 1 1 0 7 100 0 -1 4.000 0 0 -1 1 0 2
	0 0 1.00 60.00 120.00
	 7050 3300 7050 3825
2 1 0 1 0 7 100 0 -1 0.000 0 0 -1 1 0 2
	0 0 1.00 60.00 120.00
	 7050 4800 7050 5625
2 2 0 1 0 7 100 0 -1 0.000 0 0 -1 0 0 5
	 6750 4425 7425 4425 7425 4800 6750 4800 6750 4425
2 1 0 1 0 7 100 0 -1 0.000 0 0 -1 1 0 2
	0 0 1.00 60.00 120.00
	 7050 4200 7050 4425
2 2 1 1 0 7 100 0 -1 4.000 0 0 -1 0 0 5
	 6750 3825 7425 3825 7425 4200 6750 4200 6750 3825
2 2 0 1 0 7 100 0 -1 0.000 0 0 -1 0 0 5
	 6750 1725 7425 1725 7425 2100 6750 2100 6750 1725
4 0 0 100 0 16 12 1.5708 4 180 1155 8475 3225 reset_cache()\001
4 0 0 100 0 16 12 0.0000 4 180 420 6900 1350 op_1\001
4 0 0 100 0 16 12 0.0000 4 180 420 6900 1950 op_2\001
4 0 0 100 0 16 12 0.0000 4 180 420 6900 2550 op_3\001
4 0 0 100 0 16 12 0.0000 4 180 450 6900 4650 op_N\001
